.model Graphe(4158)
.input 3 22 26 34 39 58 74 96 98 112 118 120 123 124 130 132 133 134 135
.output 74 17 59 105 138 65 107 70 114 44 82 93 40 100 137 49 90 109 57 68 117
.names 123 12
0 1
1 0
.names 39 118 17
00 1
01 0
10 0
11 0
.names 98 18
0 1
1 0
.names 34 20
0 1
1 0
.names 34 28
0 1
1 0
.names 26 30
0 1
1 0
.names 135 43
0 1
1 0
.names 112 87
0 1
1 0
.names 58 91
0 1
1 0
.names 124 97
0 1
1 0
.names 97 99
0 1
1 0
.names 22 101
0 1
1 0
.names 96 108
0 1
1 0
.names 3 115
0 1
1 0
.names 120 130 134 131
000 0
001 1
010 1
011 0
100 1
101 0
110 0
111 0
.names 108 13
0 1
1 0
.names 108 115 59
00 0
01 1
10 1
11 0
.names 115 79
0 1
1 0
.names 99 81
0 1
1 0
.names 115 105
0 1
1 0
.names 79 116
0 1
1 0
.names 20 30 79 138
000 0
001 0
010 0
011 0
100 0
101 0
110 0
111 1
.names 87 13 1
00 1
01 0
10 0
11 1
.names 1 5
0 1
1 0
.names 5 56
0 1
1 0
.names 56 61
0 1
1 0
.names 5 0
0 1
1 0
.names 79 61 53
00 1
01 0
10 0
11 0
.names 53 140
0 1
1 0
.names 53 51
0 1
1 0
.names 81 56 51 54
000 1
001 0
010 0
011 1
100 0
101 1
110 1
111 1
.names 132 140 110
00 1
01 0
10 0
11 1
.names 51 110 111
00 1
01 0
10 0
11 1
.names 124 54 110 84
000 1
001 0
010 0
011 1
100 0
101 1
110 1
111 1
.names 84 47
0 1
1 0
.names 47 139
0 1
1 0
.names 124 43 47 35
000 1
001 0
010 0
011 1
100 0
101 1
110 1
111 1
.names 35 48
0 1
1 0
.names 61 0 139 65
000 0
001 1
010 1
011 0
100 1
101 0
110 0
111 0
.names 130 132 35 127
000 1
001 0
010 0
011 0
100 0
101 0
110 0
111 0
.names 111 127 4
00 1
01 0
10 0
11 0
.names 134 1 4 6
000 0
001 1
010 1
011 0
100 1
101 0
110 0
111 0
.names 140 139 6 31
000 0
001 1
010 1
011 0
100 1
101 0
110 0
111 0
.names 127 67
0 1
1 0
.names 133 110 31 92
000 1
001 0
010 0
011 1
100 0
101 1
110 1
111 1
.names 127 119
0 1
1 0
.names 20 67 9
00 1
01 0
10 0
11 0
.names 47 31 11
00 1
01 0
10 0
11 0
.names 43 11 14
00 0
01 0
10 0
11 1
.names 56 140 6 92 55
0000 0
0001 1
0010 1
0011 0
0100 1
0101 0
0110 0
0111 0
1000 1
1001 0
1010 0
1011 0
1100 0
1101 0
1110 0
1111 0
.names 79 55 80
00 0
01 1
10 1
11 1
.names 87 55 89
00 1
01 0
10 0
11 1
.names 135 89 95
00 0
01 0
10 0
11 1
.names 47 55 121
00 0
01 1
10 1
11 0
.names 9 14 55 80 16
0000 1
0001 0
0010 0
0011 1
0100 0
0101 1
0110 1
0111 1
1000 0
1001 1
1010 1
1011 1
1100 1
1101 1
1110 1
1111 1
.names 53 89 52
00 0
01 1
10 1
11 0
.names 98 130 133 5 95 16 62
000000 1
000001 0
000010 0
000011 1
000100 0
000101 1
000110 1
000111 1
001000 0
001001 1
001010 1
001011 1
001100 1
001101 1
001110 1
001111 1
010000 0
010001 1
010010 1
010011 1
010100 1
010101 1
010110 1
010111 1
011000 1
011001 1
011010 1
011011 1
011100 1
011101 1
011110 1
011111 1
100000 0
100001 1
100010 1
100011 1
100100 1
100101 1
100110 1
100111 1
101000 1
101001 1
101010 1
101011 1
101100 1
101101 1
101110 1
101111 1
110000 1
110001 1
110010 1
110011 1
110100 1
110101 1
110110 1
110111 1
111000 1
111001 1
111010 1
111011 1
111100 1
111101 1
111110 1
111111 1
.names 133 56 52 64
000 1
001 1
010 1
011 1
100 1
101 1
110 1
111 0
.names 67 64 66
00 1
01 0
10 0
11 1
.names 97 16 102
00 1
01 0
10 0
11 1
.names 0 111 102 106
000 1
001 0
010 0
011 0
100 0
101 0
110 0
111 0
.names 112 28 101 64 33
0000 1
0001 1
0010 1
0011 1
0100 1
0101 1
0110 1
0111 1
1000 1
1001 1
1010 1
1011 1
1100 1
1101 1
1110 1
1111 0
.names 91 119 33 94
000 1
001 0
010 0
011 0
100 0
101 0
110 0
111 0
.names 87 91 94 86
000 1
001 1
010 1
011 1
100 1
101 1
110 1
111 0
.names 16 86 15
00 1
01 1
10 1
11 0
.names 43 15 41
00 0
01 0
10 0
11 1
.names 41 46
0 1
1 0
.names 86 85
0 1
1 0
.names 15 10
0 1
1 0
.names 11 10 21
00 1
01 1
10 1
11 0
.names 120 46 32
00 0
01 1
10 1
11 1
.names 112 130 111 106 32 107
00000 1
00001 0
00010 0
00011 0
00100 0
00101 0
00110 0
00111 0
01000 0
01001 0
01010 0
01011 0
01100 0
01101 0
01110 0
01111 0
10000 0
10001 0
10010 0
10011 0
10100 0
10101 0
10110 0
10111 0
11000 0
11001 0
11010 0
11011 0
11100 0
11101 0
11110 0
11111 0
.names 21 113
0 1
1 0
.names 79 116 5 113 122
0000 0
0001 1
0010 1
0011 0
0100 1
0101 0
0110 0
0111 0
1000 1
1001 0
1010 0
1011 0
1100 0
1101 0
1110 0
1111 0
.names 58 127 121 21 122 128
00000 0
00001 1
00010 1
00011 0
00100 1
00101 0
00110 0
00111 0
01000 1
01001 0
01010 0
01011 0
01100 0
01101 0
01110 0
01111 0
10000 1
10001 0
10010 0
10011 0
10100 0
10101 0
10110 0
10111 0
11000 0
11001 0
11010 0
11011 0
11100 0
11101 0
11110 0
11111 0
.names 115 32 2
00 0
01 1
10 1
11 0
.names 133 41 32 24
000 0
001 1
010 1
011 0
100 1
101 0
110 0
111 0
.names 112 32 25
00 0
01 1
10 1
11 1
.names 30 25 27
00 1
01 1
10 1
11 0
.names 22 134 97 102 32 29
00000 1
00001 1
00010 1
00011 1
00100 1
00101 1
00110 1
00111 1
01000 1
01001 1
01010 1
01011 1
01100 1
01101 1
01110 1
01111 1
10000 1
10001 1
10010 1
10011 1
10100 1
10101 1
10110 1
10111 1
11000 1
11001 1
11010 1
11011 1
11100 1
11101 1
11110 1
11111 0
.names 67 122 70
00 0
01 1
10 1
11 1
.names 24 104
0 1
1 0
.names 2 114
0 1
1 0
.names 54 33 24 23
000 1
001 0
010 0
011 1
100 0
101 1
110 1
111 1
.names 58 61 53 47 67 113 104 60
0000000 0
0000001 1
0000010 1
0000011 1
0000100 1
0000101 1
0000110 1
0000111 1
0001000 1
0001001 1
0001010 1
0001011 1
0001100 1
0001101 1
0001110 1
0001111 1
0010000 1
0010001 1
0010010 1
0010011 1
0010100 1
0010101 1
0010110 1
0010111 1
0011000 1
0011001 1
0011010 1
0011011 1
0011100 1
0011101 1
0011110 1
0011111 1
0100000 1
0100001 1
0100010 1
0100011 1
0100100 1
0100101 1
0100110 1
0100111 1
0101000 1
0101001 1
0101010 1
0101011 1
0101100 1
0101101 1
0101110 1
0101111 1
0110000 1
0110001 1
0110010 1
0110011 1
0110100 1
0110101 1
0110110 1
0110111 1
0111000 1
0111001 1
0111010 1
0111011 1
0111100 1
0111101 1
0111110 1
0111111 1
1000000 1
1000001 1
1000010 1
1000011 1
1000100 1
1000101 1
1000110 1
1000111 1
1001000 1
1001001 1
1001010 1
1001011 1
1001100 1
1001101 1
1001110 1
1001111 1
1010000 1
1010001 1
1010010 1
1010011 1
1010100 1
1010101 1
1010110 1
1010111 1
1011000 1
1011001 1
1011010 1
1011011 1
1011100 1
1011101 1
1011110 1
1011111 1
1100000 1
1100001 1
1100010 1
1100011 1
1100100 1
1100101 1
1100110 1
1100111 1
1101000 1
1101001 1
1101010 1
1101011 1
1101100 1
1101101 1
1101110 1
1101111 1
1110000 1
1110001 1
1110010 1
1110011 1
1110100 1
1110101 1
1110110 1
1110111 1
1111000 1
1111001 1
1111010 1
1111011 1
1111100 1
1111101 1
1111110 1
1111111 1
.names 23 8
0 1
1 0
.names 8 45
0 1
1 0
.names 45 36
0 1
1 0
.names 124 115 48 45 38
0000 1
0001 0
0010 0
0011 1
0100 0
0101 1
0110 1
0111 1
1000 0
1001 1
1010 1
1011 1
1100 1
1101 1
1110 1
1111 1
.names 45 42
0 1
1 0
.names 140 84 38 44
000 0
001 1
010 1
011 1
100 1
101 1
110 1
111 1
.names 60 38 50
00 1
01 0
10 0
11 0
.names 98 132 139 50 82
0000 0
0001 0
0010 0
0011 0
0100 0
0101 0
0110 0
0111 0
1000 0
1001 0
1010 0
1011 0
1100 0
1101 0
1110 0
1111 1
.names 36 88
0 1
1 0
.names 132 134 91 84 92 42 88 93
0000000 0
0000001 1
0000010 1
0000011 0
0000100 1
0000101 0
0000110 0
0000111 0
0001000 1
0001001 0
0001010 0
0001011 0
0001100 0
0001101 0
0001110 0
0001111 0
0010000 1
0010001 0
0010010 0
0010011 0
0010100 0
0010101 0
0010110 0
0010111 0
0011000 0
0011001 0
0011010 0
0011011 0
0011100 0
0011101 0
0011110 0
0011111 0
0100000 1
0100001 0
0100010 0
0100011 0
0100100 0
0100101 0
0100110 0
0100111 0
0101000 0
0101001 0
0101010 0
0101011 0
0101100 0
0101101 0
0101110 0
0101111 0
0110000 0
0110001 0
0110010 0
0110011 0
0110100 0
0110101 0
0110110 0
0110111 0
0111000 0
0111001 0
0111010 0
0111011 0
0111100 0
0111101 0
0111110 0
0111111 0
1000000 1
1000001 0
1000010 0
1000011 0
1000100 0
1000101 0
1000110 0
1000111 0
1001000 0
1001001 0
1001010 0
1001011 0
1001100 0
1001101 0
1001110 0
1001111 0
1010000 0
1010001 0
1010010 0
1010011 0
1010100 0
1010101 0
1010110 0
1010111 0
1011000 0
1011001 0
1011010 0
1011011 0
1011100 0
1011101 0
1011110 0
1011111 0
1100000 0
1100001 0
1100010 0
1100011 0
1100100 0
1100101 0
1100110 0
1100111 0
1101000 0
1101001 0
1101010 0
1101011 0
1101100 0
1101101 0
1101110 0
1101111 0
1110000 0
1110001 0
1110010 0
1110011 0
1110100 0
1110101 0
1110110 0
1110111 0
1111000 0
1111001 0
1111010 0
1111011 0
1111100 0
1111101 0
1111110 0
1111111 0
.names 96 67 104 50 103
0000 1
0001 0
0010 0
0011 0
0100 0
0101 0
0110 0
0111 0
1000 0
1001 0
1010 0
1011 0
1100 0
1101 0
1110 0
1111 0
.names 3 130 131 86 46 36 125
000000 1
000001 1
000010 1
000011 1
000100 1
000101 1
000110 1
000111 1
001000 1
001001 1
001010 1
001011 1
001100 1
001101 1
001110 1
001111 1
010000 1
010001 1
010010 1
010011 1
010100 1
010101 1
010110 1
010111 1
011000 1
011001 1
011010 1
011011 1
011100 1
011101 1
011110 1
011111 1
100000 1
100001 1
100010 1
100011 1
100100 1
100101 1
100110 1
100111 1
101000 1
101001 1
101010 1
101011 1
101100 1
101101 1
101110 1
101111 1
110000 1
110001 1
110010 1
110011 1
110100 1
110101 1
110110 1
110111 1
111000 1
111001 1
111010 1
111011 1
111100 1
111101 1
111110 1
111111 0
.names 66 38 103 37
000 0
001 1
010 1
011 1
100 1
101 1
110 1
111 1
.names 56 48 29 36 37 40
00000 1
00001 0
00010 0
00011 0
00100 0
00101 0
00110 0
00111 0
01000 0
01001 0
01010 0
01011 0
01100 0
01101 0
01110 0
01111 0
10000 0
10001 0
10010 0
10011 0
10100 0
10101 0
10110 0
10111 0
11000 0
11001 0
11010 0
11011 0
11100 0
11101 0
11110 0
11111 0
.names 133 125 69
00 0
01 1
10 1
11 0
.names 140 55 69 72
000 1
001 0
010 0
011 1
100 0
101 1
110 1
111 1
.names 62 50 72 73
000 1
001 1
010 1
011 1
100 1
101 1
110 1
111 0
.names 20 125 73 75
000 0
001 1
010 1
011 0
100 1
101 0
110 0
111 0
.names 101 79 75 77
000 0
001 1
010 1
011 1
100 1
101 1
110 1
111 1
.names 1 84 31 16 73 78
00000 0
00001 0
00010 0
00011 0
00100 0
00101 0
00110 0
00111 0
01000 0
01001 0
01010 0
01011 0
01100 0
01101 0
01110 0
01111 0
10000 0
10001 0
10010 0
10011 0
10100 0
10101 0
10110 0
10111 0
11000 0
11001 0
11010 0
11011 0
11100 0
11101 0
11110 0
11111 1
.names 56 14 45 103 100
0000 1
0001 0
0010 0
0011 1
0100 0
0101 1
0110 1
0111 1
1000 0
1001 1
1010 1
1011 1
1100 1
1101 1
1110 1
1111 1
.names 140 78 137
00 1
01 0
10 0
11 0
.names 3 123 28 122 2 37 7
000000 0
000001 1
000010 1
000011 0
000100 1
000101 0
000110 0
000111 0
001000 1
001001 0
001010 0
001011 0
001100 0
001101 0
001110 0
001111 0
010000 1
010001 0
010010 0
010011 0
010100 0
010101 0
010110 0
010111 0
011000 0
011001 0
011010 0
011011 0
011100 0
011101 0
011110 0
011111 0
100000 1
100001 0
100010 0
100011 0
100100 0
100101 0
100110 0
100111 0
101000 0
101001 0
101010 0
101011 0
101100 0
101101 0
101110 0
101111 0
110000 0
110001 0
110010 0
110011 0
110100 0
110101 0
110110 0
110111 0
111000 0
111001 0
111010 0
111011 0
111100 0
111101 0
111110 0
111111 0
.names 124 12 67 10 75 19
00000 1
00001 1
00010 1
00011 1
00100 1
00101 1
00110 1
00111 1
01000 1
01001 1
01010 1
01011 1
01100 1
01101 1
01110 1
01111 1
10000 1
10001 1
10010 1
10011 1
10100 1
10101 1
10110 1
10111 1
11000 1
11001 1
11010 1
11011 1
11100 1
11101 1
11110 1
11111 0
.names 53 35 48 95 46 45 77 49
0000000 1
0000001 0
0000010 0
0000011 0
0000100 0
0000101 0
0000110 0
0000111 0
0001000 0
0001001 0
0001010 0
0001011 0
0001100 0
0001101 0
0001110 0
0001111 0
0010000 0
0010001 0
0010010 0
0010011 0
0010100 0
0010101 0
0010110 0
0010111 0
0011000 0
0011001 0
0011010 0
0011011 0
0011100 0
0011101 0
0011110 0
0011111 0
0100000 0
0100001 0
0100010 0
0100011 0
0100100 0
0100101 0
0100110 0
0100111 0
0101000 0
0101001 0
0101010 0
0101011 0
0101100 0
0101101 0
0101110 0
0101111 0
0110000 0
0110001 0
0110010 0
0110011 0
0110100 0
0110101 0
0110110 0
0110111 0
0111000 0
0111001 0
0111010 0
0111011 0
0111100 0
0111101 0
0111110 0
0111111 0
1000000 0
1000001 0
1000010 0
1000011 0
1000100 0
1000101 0
1000110 0
1000111 0
1001000 0
1001001 0
1001010 0
1001011 0
1001100 0
1001101 0
1001110 0
1001111 0
1010000 0
1010001 0
1010010 0
1010011 0
1010100 0
1010101 0
1010110 0
1010111 0
1011000 0
1011001 0
1011010 0
1011011 0
1011100 0
1011101 0
1011110 0
1011111 0
1100000 0
1100001 0
1100010 0
1100011 0
1100100 0
1100101 0
1100110 0
1100111 0
1101000 0
1101001 0
1101010 0
1101011 0
1101100 0
1101101 0
1101110 0
1101111 0
1110000 0
1110001 0
1110010 0
1110011 0
1110100 0
1110101 0
1110110 0
1110111 0
1111000 0
1111001 0
1111010 0
1111011 0
1111100 0
1111101 0
1111110 0
1111111 0
.names 96 15 25 69 72 77 71
000000 1
000001 0
000010 0
000011 0
000100 0
000101 0
000110 0
000111 0
001000 0
001001 0
001010 0
001011 0
001100 0
001101 0
001110 0
001111 0
010000 0
010001 0
010010 0
010011 0
010100 0
010101 0
010110 0
010111 0
011000 0
011001 0
011010 0
011011 0
011100 0
011101 0
011110 0
011111 0
100000 0
100001 0
100010 0
100011 0
100100 0
100101 0
100110 0
100111 0
101000 0
101001 0
101010 0
101011 0
101100 0
101101 0
101110 0
101111 0
110000 0
110001 0
110010 0
110011 0
110100 0
110101 0
110110 0
110111 0
111000 0
111001 0
111010 0
111011 0
111100 0
111101 0
111110 0
111111 0
.names 132 18 81 52 15 71 76
000000 1
000001 1
000010 1
000011 1
000100 1
000101 1
000110 1
000111 1
001000 1
001001 1
001010 1
001011 1
001100 1
001101 1
001110 1
001111 1
010000 1
010001 1
010010 1
010011 1
010100 1
010101 1
010110 1
010111 1
011000 1
011001 1
011010 1
011011 1
011100 1
011101 1
011110 1
011111 1
100000 1
100001 1
100010 1
100011 1
100100 1
100101 1
100110 1
100111 1
101000 1
101001 1
101010 1
101011 1
101100 1
101101 1
101110 1
101111 1
110000 1
110001 1
110010 1
110011 1
110100 1
110101 1
110110 1
110111 1
111000 1
111001 1
111010 1
111011 1
111100 1
111101 1
111110 1
111111 0
.names 87 81 54 85 71 83
00000 0
00001 0
00010 0
00011 0
00100 0
00101 0
00110 0
00111 0
01000 0
01001 0
01010 0
01011 0
01100 0
01101 0
01110 0
01111 0
10000 0
10001 0
10010 0
10011 0
10100 0
10101 0
10110 0
10111 0
11000 0
11001 0
11010 0
11011 0
11100 0
11101 0
11110 0
11111 1
.names 123 132 95 106 88 7 90
000000 0
000001 0
000010 0
000011 0
000100 0
000101 0
000110 0
000111 0
001000 0
001001 0
001010 0
001011 0
001100 0
001101 0
001110 0
001111 0
010000 0
010001 0
010010 0
010011 0
010100 0
010101 0
010110 0
010111 0
011000 0
011001 0
011010 0
011011 0
011100 0
011101 0
011110 0
011111 0
100000 0
100001 0
100010 0
100011 0
100100 0
100101 0
100110 0
100111 0
101000 0
101001 0
101010 0
101011 0
101100 0
101101 0
101110 0
101111 0
110000 0
110001 0
110010 0
110011 0
110100 0
110101 0
110110 0
110111 0
111000 0
111001 0
111010 0
111011 0
111100 0
111101 0
111110 0
111111 1
.names 3 108 113 83 109
0000 0
0001 1
0010 1
0011 0
0100 1
0101 0
0110 0
0111 0
1000 1
1001 0
1010 0
1011 0
1100 0
1101 0
1110 0
1111 0
.names 84 27 83 57
000 0
001 1
010 1
011 0
100 1
101 0
110 0
111 0
.names 53 54 76 63
000 1
001 1
010 1
011 1
100 1
101 1
110 1
111 0
.names 34 134 102 125 63 136
00000 1
00001 0
00010 0
00011 1
00100 0
00101 1
00110 1
00111 1
01000 0
01001 1
01010 1
01011 1
01100 1
01101 1
01110 1
01111 1
10000 0
10001 1
10010 1
10011 1
10100 1
10101 1
10110 1
10111 1
11000 1
11001 1
11010 1
11011 1
11100 1
11101 1
11110 1
11111 1
.names 34 123 130 53 35 31 119 121 19 136 129
0000000000 0
0000000001 0
0000000010 0
0000000011 0
0000000100 0
0000000101 0
0000000110 0
0000000111 0
0000001000 0
0000001001 0
0000001010 0
0000001011 0
0000001100 0
0000001101 0
0000001110 0
0000001111 0
0000010000 0
0000010001 0
0000010010 0
0000010011 0
0000010100 0
0000010101 0
0000010110 0
0000010111 0
0000011000 0
0000011001 0
0000011010 0
0000011011 0
0000011100 0
0000011101 0
0000011110 0
0000011111 0
0000100000 0
0000100001 0
0000100010 0
0000100011 0
0000100100 0
0000100101 0
0000100110 0
0000100111 0
0000101000 0
0000101001 0
0000101010 0
0000101011 0
0000101100 0
0000101101 0
0000101110 0
0000101111 0
0000110000 0
0000110001 0
0000110010 0
0000110011 0
0000110100 0
0000110101 0
0000110110 0
0000110111 0
0000111000 0
0000111001 0
0000111010 0
0000111011 0
0000111100 0
0000111101 0
0000111110 0
0000111111 0
0001000000 0
0001000001 0
0001000010 0
0001000011 0
0001000100 0
0001000101 0
0001000110 0
0001000111 0
0001001000 0
0001001001 0
0001001010 0
0001001011 0
0001001100 0
0001001101 0
0001001110 0
0001001111 0
0001010000 0
0001010001 0
0001010010 0
0001010011 0
0001010100 0
0001010101 0
0001010110 0
0001010111 0
0001011000 0
0001011001 0
0001011010 0
0001011011 0
0001011100 0
0001011101 0
0001011110 0
0001011111 0
0001100000 0
0001100001 0
0001100010 0
0001100011 0
0001100100 0
0001100101 0
0001100110 0
0001100111 0
0001101000 0
0001101001 0
0001101010 0
0001101011 0
0001101100 0
0001101101 0
0001101110 0
0001101111 0
0001110000 0
0001110001 0
0001110010 0
0001110011 0
0001110100 0
0001110101 0
0001110110 0
0001110111 0
0001111000 0
0001111001 0
0001111010 0
0001111011 0
0001111100 0
0001111101 0
0001111110 0
0001111111 0
0010000000 0
0010000001 0
0010000010 0
0010000011 0
0010000100 0
0010000101 0
0010000110 0
0010000111 0
0010001000 0
0010001001 0
0010001010 0
0010001011 0
0010001100 0
0010001101 0
0010001110 0
0010001111 0
0010010000 0
0010010001 0
0010010010 0
0010010011 0
0010010100 0
0010010101 0
0010010110 0
0010010111 0
0010011000 0
0010011001 0
0010011010 0
0010011011 0
0010011100 0
0010011101 0
0010011110 0
0010011111 0
0010100000 0
0010100001 0
0010100010 0
0010100011 0
0010100100 0
0010100101 0
0010100110 0
0010100111 0
0010101000 0
0010101001 0
0010101010 0
0010101011 0
0010101100 0
0010101101 0
0010101110 0
0010101111 0
0010110000 0
0010110001 0
0010110010 0
0010110011 0
0010110100 0
0010110101 0
0010110110 0
0010110111 0
0010111000 0
0010111001 0
0010111010 0
0010111011 0
0010111100 0
0010111101 0
0010111110 0
0010111111 0
0011000000 0
0011000001 0
0011000010 0
0011000011 0
0011000100 0
0011000101 0
0011000110 0
0011000111 0
0011001000 0
0011001001 0
0011001010 0
0011001011 0
0011001100 0
0011001101 0
0011001110 0
0011001111 0
0011010000 0
0011010001 0
0011010010 0
0011010011 0
0011010100 0
0011010101 0
0011010110 0
0011010111 0
0011011000 0
0011011001 0
0011011010 0
0011011011 0
0011011100 0
0011011101 0
0011011110 0
0011011111 0
0011100000 0
0011100001 0
0011100010 0
0011100011 0
0011100100 0
0011100101 0
0011100110 0
0011100111 0
0011101000 0
0011101001 0
0011101010 0
0011101011 0
0011101100 0
0011101101 0
0011101110 0
0011101111 0
0011110000 0
0011110001 0
0011110010 0
0011110011 0
0011110100 0
0011110101 0
0011110110 0
0011110111 0
0011111000 0
0011111001 0
0011111010 0
0011111011 0
0011111100 0
0011111101 0
0011111110 0
0011111111 0
0100000000 0
0100000001 0
0100000010 0
0100000011 0
0100000100 0
0100000101 0
0100000110 0
0100000111 0
0100001000 0
0100001001 0
0100001010 0
0100001011 0
0100001100 0
0100001101 0
0100001110 0
0100001111 0
0100010000 0
0100010001 0
0100010010 0
0100010011 0
0100010100 0
0100010101 0
0100010110 0
0100010111 0
0100011000 0
0100011001 0
0100011010 0
0100011011 0
0100011100 0
0100011101 0
0100011110 0
0100011111 0
0100100000 0
0100100001 0
0100100010 0
0100100011 0
0100100100 0
0100100101 0
0100100110 0
0100100111 0
0100101000 0
0100101001 0
0100101010 0
0100101011 0
0100101100 0
0100101101 0
0100101110 0
0100101111 0
0100110000 0
0100110001 0
0100110010 0
0100110011 0
0100110100 0
0100110101 0
0100110110 0
0100110111 0
0100111000 0
0100111001 0
0100111010 0
0100111011 0
0100111100 0
0100111101 0
0100111110 0
0100111111 0
0101000000 0
0101000001 0
0101000010 0
0101000011 0
0101000100 0
0101000101 0
0101000110 0
0101000111 0
0101001000 0
0101001001 0
0101001010 0
0101001011 0
0101001100 0
0101001101 0
0101001110 0
0101001111 0
0101010000 0
0101010001 0
0101010010 0
0101010011 0
0101010100 0
0101010101 0
0101010110 0
0101010111 0
0101011000 0
0101011001 0
0101011010 0
0101011011 0
0101011100 0
0101011101 0
0101011110 0
0101011111 0
0101100000 0
0101100001 0
0101100010 0
0101100011 0
0101100100 0
0101100101 0
0101100110 0
0101100111 0
0101101000 0
0101101001 0
0101101010 0
0101101011 0
0101101100 0
0101101101 0
0101101110 0
0101101111 0
0101110000 0
0101110001 0
0101110010 0
0101110011 0
0101110100 0
0101110101 0
0101110110 0
0101110111 0
0101111000 0
0101111001 0
0101111010 0
0101111011 0
0101111100 0
0101111101 0
0101111110 0
0101111111 0
0110000000 0
0110000001 0
0110000010 0
0110000011 0
0110000100 0
0110000101 0
0110000110 0
0110000111 0
0110001000 0
0110001001 0
0110001010 0
0110001011 0
0110001100 0
0110001101 0
0110001110 0
0110001111 0
0110010000 0
0110010001 0
0110010010 0
0110010011 0
0110010100 0
0110010101 0
0110010110 0
0110010111 0
0110011000 0
0110011001 0
0110011010 0
0110011011 0
0110011100 0
0110011101 0
0110011110 0
0110011111 0
0110100000 0
0110100001 0
0110100010 0
0110100011 0
0110100100 0
0110100101 0
0110100110 0
0110100111 0
0110101000 0
0110101001 0
0110101010 0
0110101011 0
0110101100 0
0110101101 0
0110101110 0
0110101111 0
0110110000 0
0110110001 0
0110110010 0
0110110011 0
0110110100 0
0110110101 0
0110110110 0
0110110111 0
0110111000 0
0110111001 0
0110111010 0
0110111011 0
0110111100 0
0110111101 0
0110111110 0
0110111111 0
0111000000 0
0111000001 0
0111000010 0
0111000011 0
0111000100 0
0111000101 0
0111000110 0
0111000111 0
0111001000 0
0111001001 0
0111001010 0
0111001011 0
0111001100 0
0111001101 0
0111001110 0
0111001111 0
0111010000 0
0111010001 0
0111010010 0
0111010011 0
0111010100 0
0111010101 0
0111010110 0
0111010111 0
0111011000 0
0111011001 0
0111011010 0
0111011011 0
0111011100 0
0111011101 0
0111011110 0
0111011111 0
0111100000 0
0111100001 0
0111100010 0
0111100011 0
0111100100 0
0111100101 0
0111100110 0
0111100111 0
0111101000 0
0111101001 0
0111101010 0
0111101011 0
0111101100 0
0111101101 0
0111101110 0
0111101111 0
0111110000 0
0111110001 0
0111110010 0
0111110011 0
0111110100 0
0111110101 0
0111110110 0
0111110111 0
0111111000 0
0111111001 0
0111111010 0
0111111011 0
0111111100 0
0111111101 0
0111111110 0
0111111111 0
1000000000 0
1000000001 0
1000000010 0
1000000011 0
1000000100 0
1000000101 0
1000000110 0
1000000111 0
1000001000 0
1000001001 0
1000001010 0
1000001011 0
1000001100 0
1000001101 0
1000001110 0
1000001111 0
1000010000 0
1000010001 0
1000010010 0
1000010011 0
1000010100 0
1000010101 0
1000010110 0
1000010111 0
1000011000 0
1000011001 0
1000011010 0
1000011011 0
1000011100 0
1000011101 0
1000011110 0
1000011111 0
1000100000 0
1000100001 0
1000100010 0
1000100011 0
1000100100 0
1000100101 0
1000100110 0
1000100111 0
1000101000 0
1000101001 0
1000101010 0
1000101011 0
1000101100 0
1000101101 0
1000101110 0
1000101111 0
1000110000 0
1000110001 0
1000110010 0
1000110011 0
1000110100 0
1000110101 0
1000110110 0
1000110111 0
1000111000 0
1000111001 0
1000111010 0
1000111011 0
1000111100 0
1000111101 0
1000111110 0
1000111111 0
1001000000 0
1001000001 0
1001000010 0
1001000011 0
1001000100 0
1001000101 0
1001000110 0
1001000111 0
1001001000 0
1001001001 0
1001001010 0
1001001011 0
1001001100 0
1001001101 0
1001001110 0
1001001111 0
1001010000 0
1001010001 0
1001010010 0
1001010011 0
1001010100 0
1001010101 0
1001010110 0
1001010111 0
1001011000 0
1001011001 0
1001011010 0
1001011011 0
1001011100 0
1001011101 0
1001011110 0
1001011111 0
1001100000 0
1001100001 0
1001100010 0
1001100011 0
1001100100 0
1001100101 0
1001100110 0
1001100111 0
1001101000 0
1001101001 0
1001101010 0
1001101011 0
1001101100 0
1001101101 0
1001101110 0
1001101111 0
1001110000 0
1001110001 0
1001110010 0
1001110011 0
1001110100 0
1001110101 0
1001110110 0
1001110111 0
1001111000 0
1001111001 0
1001111010 0
1001111011 0
1001111100 0
1001111101 0
1001111110 0
1001111111 0
1010000000 0
1010000001 0
1010000010 0
1010000011 0
1010000100 0
1010000101 0
1010000110 0
1010000111 0
1010001000 0
1010001001 0
1010001010 0
1010001011 0
1010001100 0
1010001101 0
1010001110 0
1010001111 0
1010010000 0
1010010001 0
1010010010 0
1010010011 0
1010010100 0
1010010101 0
1010010110 0
1010010111 0
1010011000 0
1010011001 0
1010011010 0
1010011011 0
1010011100 0
1010011101 0
1010011110 0
1010011111 0
1010100000 0
1010100001 0
1010100010 0
1010100011 0
1010100100 0
1010100101 0
1010100110 0
1010100111 0
1010101000 0
1010101001 0
1010101010 0
1010101011 0
1010101100 0
1010101101 0
1010101110 0
1010101111 0
1010110000 0
1010110001 0
1010110010 0
1010110011 0
1010110100 0
1010110101 0
1010110110 0
1010110111 0
1010111000 0
1010111001 0
1010111010 0
1010111011 0
1010111100 0
1010111101 0
1010111110 0
1010111111 0
1011000000 0
1011000001 0
1011000010 0
1011000011 0
1011000100 0
1011000101 0
1011000110 0
1011000111 0
1011001000 0
1011001001 0
1011001010 0
1011001011 0
1011001100 0
1011001101 0
1011001110 0
1011001111 0
1011010000 0
1011010001 0
1011010010 0
1011010011 0
1011010100 0
1011010101 0
1011010110 0
1011010111 0
1011011000 0
1011011001 0
1011011010 0
1011011011 0
1011011100 0
1011011101 0
1011011110 0
1011011111 0
1011100000 0
1011100001 0
1011100010 0
1011100011 0
1011100100 0
1011100101 0
1011100110 0
1011100111 0
1011101000 0
1011101001 0
1011101010 0
1011101011 0
1011101100 0
1011101101 0
1011101110 0
1011101111 0
1011110000 0
1011110001 0
1011110010 0
1011110011 0
1011110100 0
1011110101 0
1011110110 0
1011110111 0
1011111000 0
1011111001 0
1011111010 0
1011111011 0
1011111100 0
1011111101 0
1011111110 0
1011111111 0
1100000000 0
1100000001 0
1100000010 0
1100000011 0
1100000100 0
1100000101 0
1100000110 0
1100000111 0
1100001000 0
1100001001 0
1100001010 0
1100001011 0
1100001100 0
1100001101 0
1100001110 0
1100001111 0
1100010000 0
1100010001 0
1100010010 0
1100010011 0
1100010100 0
1100010101 0
1100010110 0
1100010111 0
1100011000 0
1100011001 0
1100011010 0
1100011011 0
1100011100 0
1100011101 0
1100011110 0
1100011111 0
1100100000 0
1100100001 0
1100100010 0
1100100011 0
1100100100 0
1100100101 0
1100100110 0
1100100111 0
1100101000 0
1100101001 0
1100101010 0
1100101011 0
1100101100 0
1100101101 0
1100101110 0
1100101111 0
1100110000 0
1100110001 0
1100110010 0
1100110011 0
1100110100 0
1100110101 0
1100110110 0
1100110111 0
1100111000 0
1100111001 0
1100111010 0
1100111011 0
1100111100 0
1100111101 0
1100111110 0
1100111111 0
1101000000 0
1101000001 0
1101000010 0
1101000011 0
1101000100 0
1101000101 0
1101000110 0
1101000111 0
1101001000 0
1101001001 0
1101001010 0
1101001011 0
1101001100 0
1101001101 0
1101001110 0
1101001111 0
1101010000 0
1101010001 0
1101010010 0
1101010011 0
1101010100 0
1101010101 0
1101010110 0
1101010111 0
1101011000 0
1101011001 0
1101011010 0
1101011011 0
1101011100 0
1101011101 0
1101011110 0
1101011111 0
1101100000 0
1101100001 0
1101100010 0
1101100011 0
1101100100 0
1101100101 0
1101100110 0
1101100111 0
1101101000 0
1101101001 0
1101101010 0
1101101011 0
1101101100 0
1101101101 0
1101101110 0
1101101111 0
1101110000 0
1101110001 0
1101110010 0
1101110011 0
1101110100 0
1101110101 0
1101110110 0
1101110111 0
1101111000 0
1101111001 0
1101111010 0
1101111011 0
1101111100 0
1101111101 0
1101111110 0
1101111111 0
1110000000 0
1110000001 0
1110000010 0
1110000011 0
1110000100 0
1110000101 0
1110000110 0
1110000111 0
1110001000 0
1110001001 0
1110001010 0
1110001011 0
1110001100 0
1110001101 0
1110001110 0
1110001111 0
1110010000 0
1110010001 0
1110010010 0
1110010011 0
1110010100 0
1110010101 0
1110010110 0
1110010111 0
1110011000 0
1110011001 0
1110011010 0
1110011011 0
1110011100 0
1110011101 0
1110011110 0
1110011111 0
1110100000 0
1110100001 0
1110100010 0
1110100011 0
1110100100 0
1110100101 0
1110100110 0
1110100111 0
1110101000 0
1110101001 0
1110101010 0
1110101011 0
1110101100 0
1110101101 0
1110101110 0
1110101111 0
1110110000 0
1110110001 0
1110110010 0
1110110011 0
1110110100 0
1110110101 0
1110110110 0
1110110111 0
1110111000 0
1110111001 0
1110111010 0
1110111011 0
1110111100 0
1110111101 0
1110111110 0
1110111111 0
1111000000 0
1111000001 0
1111000010 0
1111000011 0
1111000100 0
1111000101 0
1111000110 0
1111000111 0
1111001000 0
1111001001 0
1111001010 0
1111001011 0
1111001100 0
1111001101 0
1111001110 0
1111001111 0
1111010000 0
1111010001 0
1111010010 0
1111010011 0
1111010100 0
1111010101 0
1111010110 0
1111010111 0
1111011000 0
1111011001 0
1111011010 0
1111011011 0
1111011100 0
1111011101 0
1111011110 0
1111011111 0
1111100000 0
1111100001 0
1111100010 0
1111100011 0
1111100100 0
1111100101 0
1111100110 0
1111100111 0
1111101000 0
1111101001 0
1111101010 0
1111101011 0
1111101100 0
1111101101 0
1111101110 0
1111101111 0
1111110000 0
1111110001 0
1111110010 0
1111110011 0
1111110100 0
1111110101 0
1111110110 0
1111110111 0
1111111000 0
1111111001 0
1111111010 0
1111111011 0
1111111100 0
1111111101 0
1111111110 0
1111111111 1
.names 128 129 126
00 1
01 1
10 1
11 0
.names 48 67 92 10 126 68
00000 1
00001 0
00010 0
00011 1
00100 0
00101 1
00110 1
00111 1
01000 0
01001 1
01010 1
01011 1
01100 1
01101 1
01110 1
01111 1
10000 0
10001 1
10010 1
10011 1
10100 1
10101 1
10110 1
10111 1
11000 1
11001 1
11010 1
11011 1
11100 1
11101 1
11110 1
11111 1
.names 7 126 117
00 1
01 0
10 0
11 0
.end