.model Graphe(4101)
.input 2 25 28 29 49 50 53 74 90 91 95 98 104 116 124 137 139
.output 2 72 46 0 66 8 58 97 77 132 63 120 129 138 31 59 61 100 107 117
.names 25 49 4
00 1
01 0
10 0
11 1
.names 124 4 7
00 1
01 1
10 1
11 0
.names 49 17
0 1
1 0
.names 104 21
0 1
1 0
.names 50 57
0 1
1 0
.names 53 64
0 1
1 0
.names 137 87
0 1
1 0
.names 95 92
0 1
1 0
.names 90 91 102
00 1
01 0
10 0
11 1
.names 102 114
0 1
1 0
.names 124 125
0 1
1 0
.names 114 125 126
00 0
01 0
10 0
11 1
.names 139 130
0 1
1 0
.names 4 114 3
00 1
01 1
10 1
11 0
.names 28 53 92 27
000 1
001 0
010 0
011 0
100 0
101 0
110 0
111 0
.names 3 62
0 1
1 0
.names 87 76
0 1
1 0
.names 76 81
0 1
1 0
.names 130 85
0 1
1 0
.names 92 88
0 1
1 0
.names 88 111
0 1
1 0
.names 29 125 113
00 0
01 1
10 1
11 0
.names 124 126 123
00 1
01 1
10 1
11 0
.names 98 27 113 127
000 0
001 1
010 1
011 1
100 1
101 1
110 1
111 1
.names 87 130 128
00 1
01 0
10 0
11 0
.names 130 128 134
00 0
01 0
10 0
11 1
.names 62 9
0 1
1 0
.names 28 17 62 20
000 1
001 1
010 1
011 1
100 1
101 1
110 1
111 0
.names 124 134 47
00 0
01 1
10 1
11 1
.names 85 56
0 1
1 0
.names 123 72
0 1
1 0
.names 49 74 76 81 88 20 82
000000 1
000001 0
000010 0
000011 1
000100 0
000101 1
000110 1
000111 1
001000 0
001001 1
001010 1
001011 1
001100 1
001101 1
001110 1
001111 1
010000 0
010001 1
010010 1
010011 1
010100 1
010101 1
010110 1
010111 1
011000 1
011001 1
011010 1
011011 1
011100 1
011101 1
011110 1
011111 1
100000 0
100001 1
100010 1
100011 1
100100 1
100101 1
100110 1
100111 1
101000 1
101001 1
101010 1
101011 1
101100 1
101101 1
101110 1
101111 1
110000 1
110001 1
110010 1
110011 1
110100 1
110101 1
110110 1
110111 1
111000 1
111001 1
111010 1
111011 1
111100 1
111101 1
111110 1
111111 1
.names 82 93
0 1
1 0
.names 125 127 122
00 0
01 1
10 1
11 1
.names 21 93 24
00 1
01 0
10 0
11 1
.names 47 43
0 1
1 0
.names 82 78
0 1
1 0
.names 87 114 82 80
000 0
001 1
010 1
011 1
100 1
101 1
110 1
111 1
.names 43 6
0 1
1 0
.names 6 26
0 1
1 0
.names 137 130 6 39
000 1
001 1
010 1
011 1
100 1
101 1
110 1
111 0
.names 123 6 112
00 0
01 1
10 1
11 0
.names 39 112 30
00 0
01 1
10 1
11 1
.names 87 112 32
00 0
01 0
10 0
11 1
.names 32 35
0 1
1 0
.names 32 36
0 1
1 0
.names 26 36 46
00 1
01 0
10 0
11 1
.names 27 32 105
00 0
01 0
10 0
11 1
.names 74 112 105 106
000 0
001 1
010 1
011 1
100 1
101 1
110 1
111 1
.names 49 124 106 110
000 0
001 1
010 1
011 0
100 1
101 0
110 0
111 0
.names 104 81 105 110 136
0000 1
0001 1
0010 1
0011 1
0100 1
0101 1
0110 1
0111 1
1000 1
1001 1
1010 1
1011 1
1100 1
1101 1
1110 1
1111 0
.names 136 48
0 1
1 0
.names 136 96
0 1
1 0
.names 136 118
0 1
1 0
.names 96 55
0 1
1 0
.names 96 60
0 1
1 0
.names 136 60 1
00 0
01 1
10 1
11 0
.names 55 19
0 1
1 0
.names 125 106 1 19 34
0000 1
0001 0
0010 0
0011 0
0100 0
0101 0
0110 0
0111 0
1000 0
1001 0
1010 0
1011 0
1100 0
1101 0
1110 0
1111 0
.names 29 128 34 37
000 0
001 0
010 0
011 0
100 0
101 0
110 0
111 1
.names 78 60 34 44
000 0
001 0
010 0
011 0
100 0
101 0
110 0
111 1
.names 64 44 101
00 1
01 1
10 1
11 0
.names 44 109
0 1
1 0
.names 90 17 44 13
000 0
001 0
010 0
011 0
100 0
101 0
110 0
111 1
.names 109 40
0 1
1 0
.names 7 106 101 94
000 1
001 1
010 1
011 1
100 1
101 1
110 1
111 0
.names 95 92 101 99
000 1
001 1
010 1
011 1
100 1
101 1
110 1
111 0
.names 94 54
0 1
1 0
.names 7 134 54 0
000 0
001 0
010 0
011 0
100 0
101 0
110 0
111 1
.names 116 54 5
00 0
01 1
10 1
11 0
.names 92 24 101 99 5 65
00000 1
00001 0
00010 0
00011 0
00100 0
00101 0
00110 0
00111 0
01000 0
01001 0
01010 0
01011 0
01100 0
01101 0
01110 0
01111 0
10000 0
10001 0
10010 0
10011 0
10100 0
10101 0
10110 0
10111 0
11000 0
11001 0
11010 0
11011 0
11100 0
11101 0
11110 0
11111 0
.names 65 66
0 1
1 0
.names 4 127 96 65 69
0000 0
0001 0
0010 0
0011 0
0100 0
0101 0
0110 0
0111 0
1000 0
1001 0
1010 0
1011 0
1100 0
1101 0
1110 0
1111 1
.names 114 1 65 71
000 1
001 0
010 0
011 1
100 0
101 1
110 1
111 1
.names 21 35 69 84
000 0
001 1
010 1
011 1
100 1
101 1
110 1
111 1
.names 36 71 121
00 1
01 0
10 0
11 0
.names 6 5 69 8
000 0
001 0
010 0
011 0
100 0
101 0
110 0
111 1
.names 13 84 12
00 0
01 0
10 0
11 1
.names 29 118 12 16
000 0
001 0
010 0
011 0
100 0
101 0
110 0
111 1
.names 85 43 65 45
000 0
001 1
010 1
011 0
100 1
101 0
110 0
111 0
.names 56 60 45 58
000 0
001 1
010 1
011 1
100 1
101 1
110 1
111 1
.names 130 81 127 80 84 79
00000 1
00001 0
00010 0
00011 0
00100 0
00101 0
00110 0
00111 0
01000 0
01001 0
01010 0
01011 0
01100 0
01101 0
01110 0
01111 0
10000 0
10001 0
10010 0
10011 0
10100 0
10101 0
10110 0
10111 0
11000 0
11001 0
11010 0
11011 0
11100 0
11101 0
11110 0
11111 0
.names 49 74 76 96 79 83
00000 0
00001 1
00010 1
00011 0
00100 1
00101 0
00110 0
00111 0
01000 1
01001 0
01010 0
01011 0
01100 0
01101 0
01110 0
01111 0
10000 1
10001 0
10010 0
10011 0
10100 0
10101 0
10110 0
10111 0
11000 0
11001 0
11010 0
11011 0
11100 0
11101 0
11110 0
11111 0
.names 102 83 89
00 1
01 0
10 0
11 0
.names 89 103
0 1
1 0
.names 130 16 10
00 1
01 1
10 1
11 0
.names 48 40 45 42
000 0
001 1
010 1
011 0
100 1
101 0
110 0
111 0
.names 84 79 52
00 1
01 0
10 0
11 0
.names 85 99 45 83 75
0000 1
0001 1
0010 1
0011 1
0100 1
0101 1
0110 1
0111 1
1000 1
1001 1
1010 1
1011 1
1100 1
1101 1
1110 1
1111 0
.names 10 108
0 1
1 0
.names 42 33
0 1
1 0
.names 37 89 42 38
000 0
001 0
010 0
011 0
100 0
101 0
110 0
111 1
.names 124 5 75 70
000 0
001 0
010 0
011 0
100 0
101 0
110 0
111 1
.names 82 93 101 70 97
0000 0
0001 1
0010 1
0011 0
0100 1
0101 0
0110 0
0111 0
1000 1
1001 0
1010 0
1011 0
1100 0
1101 0
1110 0
1111 0
.names 85 9 121 38 135
0000 1
0001 0
0010 0
0011 1
0100 0
0101 1
0110 1
0111 1
1000 0
1001 1
1010 1
1011 1
1100 1
1101 1
1110 1
1111 1
.names 116 125 65 135 67
0000 0
0001 0
0010 0
0011 0
0100 0
0101 0
0110 0
0111 0
1000 0
1001 0
1010 0
1011 0
1100 0
1101 0
1110 0
1111 1
.names 12 67 73
00 0
01 1
10 1
11 1
.names 87 9 78 19 84 103 67 77
0000000 1
0000001 0
0000010 0
0000011 1
0000100 0
0000101 1
0000110 1
0000111 1
0001000 0
0001001 1
0001010 1
0001011 1
0001100 1
0001101 1
0001110 1
0001111 1
0010000 0
0010001 1
0010010 1
0010011 1
0010100 1
0010101 1
0010110 1
0010111 1
0011000 1
0011001 1
0011010 1
0011011 1
0011100 1
0011101 1
0011110 1
0011111 1
0100000 0
0100001 1
0100010 1
0100011 1
0100100 1
0100101 1
0100110 1
0100111 1
0101000 1
0101001 1
0101010 1
0101011 1
0101100 1
0101101 1
0101110 1
0101111 1
0110000 1
0110001 1
0110010 1
0110011 1
0110100 1
0110101 1
0110110 1
0110111 1
0111000 1
0111001 1
0111010 1
0111011 1
0111100 1
0111101 1
0111110 1
0111111 1
1000000 0
1000001 1
1000010 1
1000011 1
1000100 1
1000101 1
1000110 1
1000111 1
1001000 1
1001001 1
1001010 1
1001011 1
1001100 1
1001101 1
1001110 1
1001111 1
1010000 1
1010001 1
1010010 1
1010011 1
1010100 1
1010101 1
1010110 1
1010111 1
1011000 1
1011001 1
1011010 1
1011011 1
1011100 1
1011101 1
1011110 1
1011111 1
1100000 1
1100001 1
1100010 1
1100011 1
1100100 1
1100101 1
1100110 1
1100111 1
1101000 1
1101001 1
1101010 1
1101011 1
1101100 1
1101101 1
1101110 1
1101111 1
1110000 1
1110001 1
1110010 1
1110011 1
1110100 1
1110101 1
1110110 1
1110111 1
1111000 1
1111001 1
1111010 1
1111011 1
1111100 1
1111101 1
1111110 1
1111111 1
.names 28 110 67 133
000 1
001 1
010 1
011 1
100 1
101 1
110 1
111 0
.names 116 10 67 15
000 1
001 0
010 0
011 0
100 0
101 0
110 0
111 0
.names 74 87 85 82 24 79 75 70 15 86
000000000 1
000000001 1
000000010 1
000000011 1
000000100 1
000000101 1
000000110 1
000000111 1
000001000 1
000001001 1
000001010 1
000001011 1
000001100 1
000001101 1
000001110 1
000001111 1
000010000 1
000010001 1
000010010 1
000010011 1
000010100 1
000010101 1
000010110 1
000010111 1
000011000 1
000011001 1
000011010 1
000011011 1
000011100 1
000011101 1
000011110 1
000011111 1
000100000 1
000100001 1
000100010 1
000100011 1
000100100 1
000100101 1
000100110 1
000100111 1
000101000 1
000101001 1
000101010 1
000101011 1
000101100 1
000101101 1
000101110 1
000101111 1
000110000 1
000110001 1
000110010 1
000110011 1
000110100 1
000110101 1
000110110 1
000110111 1
000111000 1
000111001 1
000111010 1
000111011 1
000111100 1
000111101 1
000111110 1
000111111 1
001000000 1
001000001 1
001000010 1
001000011 1
001000100 1
001000101 1
001000110 1
001000111 1
001001000 1
001001001 1
001001010 1
001001011 1
001001100 1
001001101 1
001001110 1
001001111 1
001010000 1
001010001 1
001010010 1
001010011 1
001010100 1
001010101 1
001010110 1
001010111 1
001011000 1
001011001 1
001011010 1
001011011 1
001011100 1
001011101 1
001011110 1
001011111 1
001100000 1
001100001 1
001100010 1
001100011 1
001100100 1
001100101 1
001100110 1
001100111 1
001101000 1
001101001 1
001101010 1
001101011 1
001101100 1
001101101 1
001101110 1
001101111 1
001110000 1
001110001 1
001110010 1
001110011 1
001110100 1
001110101 1
001110110 1
001110111 1
001111000 1
001111001 1
001111010 1
001111011 1
001111100 1
001111101 1
001111110 1
001111111 1
010000000 1
010000001 1
010000010 1
010000011 1
010000100 1
010000101 1
010000110 1
010000111 1
010001000 1
010001001 1
010001010 1
010001011 1
010001100 1
010001101 1
010001110 1
010001111 1
010010000 1
010010001 1
010010010 1
010010011 1
010010100 1
010010101 1
010010110 1
010010111 1
010011000 1
010011001 1
010011010 1
010011011 1
010011100 1
010011101 1
010011110 1
010011111 1
010100000 1
010100001 1
010100010 1
010100011 1
010100100 1
010100101 1
010100110 1
010100111 1
010101000 1
010101001 1
010101010 1
010101011 1
010101100 1
010101101 1
010101110 1
010101111 1
010110000 1
010110001 1
010110010 1
010110011 1
010110100 1
010110101 1
010110110 1
010110111 1
010111000 1
010111001 1
010111010 1
010111011 1
010111100 1
010111101 1
010111110 1
010111111 1
011000000 1
011000001 1
011000010 1
011000011 1
011000100 1
011000101 1
011000110 1
011000111 1
011001000 1
011001001 1
011001010 1
011001011 1
011001100 1
011001101 1
011001110 1
011001111 1
011010000 1
011010001 1
011010010 1
011010011 1
011010100 1
011010101 1
011010110 1
011010111 1
011011000 1
011011001 1
011011010 1
011011011 1
011011100 1
011011101 1
011011110 1
011011111 1
011100000 1
011100001 1
011100010 1
011100011 1
011100100 1
011100101 1
011100110 1
011100111 1
011101000 1
011101001 1
011101010 1
011101011 1
011101100 1
011101101 1
011101110 1
011101111 1
011110000 1
011110001 1
011110010 1
011110011 1
011110100 1
011110101 1
011110110 1
011110111 1
011111000 1
011111001 1
011111010 1
011111011 1
011111100 1
011111101 1
011111110 1
011111111 1
100000000 1
100000001 1
100000010 1
100000011 1
100000100 1
100000101 1
100000110 1
100000111 1
100001000 1
100001001 1
100001010 1
100001011 1
100001100 1
100001101 1
100001110 1
100001111 1
100010000 1
100010001 1
100010010 1
100010011 1
100010100 1
100010101 1
100010110 1
100010111 1
100011000 1
100011001 1
100011010 1
100011011 1
100011100 1
100011101 1
100011110 1
100011111 1
100100000 1
100100001 1
100100010 1
100100011 1
100100100 1
100100101 1
100100110 1
100100111 1
100101000 1
100101001 1
100101010 1
100101011 1
100101100 1
100101101 1
100101110 1
100101111 1
100110000 1
100110001 1
100110010 1
100110011 1
100110100 1
100110101 1
100110110 1
100110111 1
100111000 1
100111001 1
100111010 1
100111011 1
100111100 1
100111101 1
100111110 1
100111111 1
101000000 1
101000001 1
101000010 1
101000011 1
101000100 1
101000101 1
101000110 1
101000111 1
101001000 1
101001001 1
101001010 1
101001011 1
101001100 1
101001101 1
101001110 1
101001111 1
101010000 1
101010001 1
101010010 1
101010011 1
101010100 1
101010101 1
101010110 1
101010111 1
101011000 1
101011001 1
101011010 1
101011011 1
101011100 1
101011101 1
101011110 1
101011111 1
101100000 1
101100001 1
101100010 1
101100011 1
101100100 1
101100101 1
101100110 1
101100111 1
101101000 1
101101001 1
101101010 1
101101011 1
101101100 1
101101101 1
101101110 1
101101111 1
101110000 1
101110001 1
101110010 1
101110011 1
101110100 1
101110101 1
101110110 1
101110111 1
101111000 1
101111001 1
101111010 1
101111011 1
101111100 1
101111101 1
101111110 1
101111111 1
110000000 1
110000001 1
110000010 1
110000011 1
110000100 1
110000101 1
110000110 1
110000111 1
110001000 1
110001001 1
110001010 1
110001011 1
110001100 1
110001101 1
110001110 1
110001111 1
110010000 1
110010001 1
110010010 1
110010011 1
110010100 1
110010101 1
110010110 1
110010111 1
110011000 1
110011001 1
110011010 1
110011011 1
110011100 1
110011101 1
110011110 1
110011111 1
110100000 1
110100001 1
110100010 1
110100011 1
110100100 1
110100101 1
110100110 1
110100111 1
110101000 1
110101001 1
110101010 1
110101011 1
110101100 1
110101101 1
110101110 1
110101111 1
110110000 1
110110001 1
110110010 1
110110011 1
110110100 1
110110101 1
110110110 1
110110111 1
110111000 1
110111001 1
110111010 1
110111011 1
110111100 1
110111101 1
110111110 1
110111111 1
111000000 1
111000001 1
111000010 1
111000011 1
111000100 1
111000101 1
111000110 1
111000111 1
111001000 1
111001001 1
111001010 1
111001011 1
111001100 1
111001101 1
111001110 1
111001111 1
111010000 1
111010001 1
111010010 1
111010011 1
111010100 1
111010101 1
111010110 1
111010111 1
111011000 1
111011001 1
111011010 1
111011011 1
111011100 1
111011101 1
111011110 1
111011111 1
111100000 1
111100001 1
111100010 1
111100011 1
111100100 1
111100101 1
111100110 1
111100111 1
111101000 1
111101001 1
111101010 1
111101011 1
111101100 1
111101101 1
111101110 1
111101111 1
111110000 1
111110001 1
111110010 1
111110011 1
111110100 1
111110101 1
111110110 1
111110111 1
111111000 1
111111001 1
111111010 1
111111011 1
111111100 1
111111101 1
111111110 1
111111111 0
.names 136 44 135 86 131
0000 0
0001 1
0010 1
0011 1
0100 1
0101 1
0110 1
0111 1
1000 1
1001 1
1010 1
1011 1
1100 1
1101 1
1110 1
1111 1
.names 137 130 3 123 136 69 10 133 132
00000000 1
00000001 0
00000010 0
00000011 1
00000100 0
00000101 1
00000110 1
00000111 1
00001000 0
00001001 1
00001010 1
00001011 1
00001100 1
00001101 1
00001110 1
00001111 1
00010000 0
00010001 1
00010010 1
00010011 1
00010100 1
00010101 1
00010110 1
00010111 1
00011000 1
00011001 1
00011010 1
00011011 1
00011100 1
00011101 1
00011110 1
00011111 1
00100000 0
00100001 1
00100010 1
00100011 1
00100100 1
00100101 1
00100110 1
00100111 1
00101000 1
00101001 1
00101010 1
00101011 1
00101100 1
00101101 1
00101110 1
00101111 1
00110000 1
00110001 1
00110010 1
00110011 1
00110100 1
00110101 1
00110110 1
00110111 1
00111000 1
00111001 1
00111010 1
00111011 1
00111100 1
00111101 1
00111110 1
00111111 1
01000000 0
01000001 1
01000010 1
01000011 1
01000100 1
01000101 1
01000110 1
01000111 1
01001000 1
01001001 1
01001010 1
01001011 1
01001100 1
01001101 1
01001110 1
01001111 1
01010000 1
01010001 1
01010010 1
01010011 1
01010100 1
01010101 1
01010110 1
01010111 1
01011000 1
01011001 1
01011010 1
01011011 1
01011100 1
01011101 1
01011110 1
01011111 1
01100000 1
01100001 1
01100010 1
01100011 1
01100100 1
01100101 1
01100110 1
01100111 1
01101000 1
01101001 1
01101010 1
01101011 1
01101100 1
01101101 1
01101110 1
01101111 1
01110000 1
01110001 1
01110010 1
01110011 1
01110100 1
01110101 1
01110110 1
01110111 1
01111000 1
01111001 1
01111010 1
01111011 1
01111100 1
01111101 1
01111110 1
01111111 1
10000000 0
10000001 1
10000010 1
10000011 1
10000100 1
10000101 1
10000110 1
10000111 1
10001000 1
10001001 1
10001010 1
10001011 1
10001100 1
10001101 1
10001110 1
10001111 1
10010000 1
10010001 1
10010010 1
10010011 1
10010100 1
10010101 1
10010110 1
10010111 1
10011000 1
10011001 1
10011010 1
10011011 1
10011100 1
10011101 1
10011110 1
10011111 1
10100000 1
10100001 1
10100010 1
10100011 1
10100100 1
10100101 1
10100110 1
10100111 1
10101000 1
10101001 1
10101010 1
10101011 1
10101100 1
10101101 1
10101110 1
10101111 1
10110000 1
10110001 1
10110010 1
10110011 1
10110100 1
10110101 1
10110110 1
10110111 1
10111000 1
10111001 1
10111010 1
10111011 1
10111100 1
10111101 1
10111110 1
10111111 1
11000000 1
11000001 1
11000010 1
11000011 1
11000100 1
11000101 1
11000110 1
11000111 1
11001000 1
11001001 1
11001010 1
11001011 1
11001100 1
11001101 1
11001110 1
11001111 1
11010000 1
11010001 1
11010010 1
11010011 1
11010100 1
11010101 1
11010110 1
11010111 1
11011000 1
11011001 1
11011010 1
11011011 1
11011100 1
11011101 1
11011110 1
11011111 1
11100000 1
11100001 1
11100010 1
11100011 1
11100100 1
11100101 1
11100110 1
11100111 1
11101000 1
11101001 1
11101010 1
11101011 1
11101100 1
11101101 1
11101110 1
11101111 1
11110000 1
11110001 1
11110010 1
11110011 1
11110100 1
11110101 1
11110110 1
11110111 1
11111000 1
11111001 1
11111010 1
11111011 1
11111100 1
11111101 1
11111110 1
11111111 1
.names 21 88 12 16 33 15 11
000000 1
000001 0
000010 0
000011 0
000100 0
000101 0
000110 0
000111 0
001000 0
001001 0
001010 0
001011 0
001100 0
001101 0
001110 0
001111 0
010000 0
010001 0
010010 0
010011 0
010100 0
010101 0
010110 0
010111 0
011000 0
011001 0
011010 0
011011 0
011100 0
011101 0
011110 0
011111 0
100000 0
100001 0
100010 0
100011 0
100100 0
100101 0
100110 0
100111 0
101000 0
101001 0
101010 0
101011 0
101100 0
101101 0
101110 0
101111 0
110000 0
110001 0
110010 0
110011 0
110100 0
110101 0
110110 0
110111 0
111000 0
111001 0
111010 0
111011 0
111100 0
111101 0
111110 0
111111 0
.names 130 24 112 13 15 14
00000 1
00001 0
00010 0
00011 1
00100 0
00101 1
00110 1
00111 1
01000 0
01001 1
01010 1
01011 1
01100 1
01101 1
01110 1
01111 1
10000 0
10001 1
10010 1
10011 1
10100 1
10101 1
10110 1
10111 1
11000 1
11001 1
11010 1
11011 1
11100 1
11101 1
11110 1
11111 1
.names 49 11 23
00 0
01 1
10 1
11 0
.names 29 137 111 43 39 37 33 11 41
00000000 1
00000001 0
00000010 0
00000011 0
00000100 0
00000101 0
00000110 0
00000111 0
00001000 0
00001001 0
00001010 0
00001011 0
00001100 0
00001101 0
00001110 0
00001111 0
00010000 0
00010001 0
00010010 0
00010011 0
00010100 0
00010101 0
00010110 0
00010111 0
00011000 0
00011001 0
00011010 0
00011011 0
00011100 0
00011101 0
00011110 0
00011111 0
00100000 0
00100001 0
00100010 0
00100011 0
00100100 0
00100101 0
00100110 0
00100111 0
00101000 0
00101001 0
00101010 0
00101011 0
00101100 0
00101101 0
00101110 0
00101111 0
00110000 0
00110001 0
00110010 0
00110011 0
00110100 0
00110101 0
00110110 0
00110111 0
00111000 0
00111001 0
00111010 0
00111011 0
00111100 0
00111101 0
00111110 0
00111111 0
01000000 0
01000001 0
01000010 0
01000011 0
01000100 0
01000101 0
01000110 0
01000111 0
01001000 0
01001001 0
01001010 0
01001011 0
01001100 0
01001101 0
01001110 0
01001111 0
01010000 0
01010001 0
01010010 0
01010011 0
01010100 0
01010101 0
01010110 0
01010111 0
01011000 0
01011001 0
01011010 0
01011011 0
01011100 0
01011101 0
01011110 0
01011111 0
01100000 0
01100001 0
01100010 0
01100011 0
01100100 0
01100101 0
01100110 0
01100111 0
01101000 0
01101001 0
01101010 0
01101011 0
01101100 0
01101101 0
01101110 0
01101111 0
01110000 0
01110001 0
01110010 0
01110011 0
01110100 0
01110101 0
01110110 0
01110111 0
01111000 0
01111001 0
01111010 0
01111011 0
01111100 0
01111101 0
01111110 0
01111111 0
10000000 0
10000001 0
10000010 0
10000011 0
10000100 0
10000101 0
10000110 0
10000111 0
10001000 0
10001001 0
10001010 0
10001011 0
10001100 0
10001101 0
10001110 0
10001111 0
10010000 0
10010001 0
10010010 0
10010011 0
10010100 0
10010101 0
10010110 0
10010111 0
10011000 0
10011001 0
10011010 0
10011011 0
10011100 0
10011101 0
10011110 0
10011111 0
10100000 0
10100001 0
10100010 0
10100011 0
10100100 0
10100101 0
10100110 0
10100111 0
10101000 0
10101001 0
10101010 0
10101011 0
10101100 0
10101101 0
10101110 0
10101111 0
10110000 0
10110001 0
10110010 0
10110011 0
10110100 0
10110101 0
10110110 0
10110111 0
10111000 0
10111001 0
10111010 0
10111011 0
10111100 0
10111101 0
10111110 0
10111111 0
11000000 0
11000001 0
11000010 0
11000011 0
11000100 0
11000101 0
11000110 0
11000111 0
11001000 0
11001001 0
11001010 0
11001011 0
11001100 0
11001101 0
11001110 0
11001111 0
11010000 0
11010001 0
11010010 0
11010011 0
11010100 0
11010101 0
11010110 0
11010111 0
11011000 0
11011001 0
11011010 0
11011011 0
11011100 0
11011101 0
11011110 0
11011111 0
11100000 0
11100001 0
11100010 0
11100011 0
11100100 0
11100101 0
11100110 0
11100111 0
11101000 0
11101001 0
11101010 0
11101011 0
11101100 0
11101101 0
11101110 0
11101111 0
11110000 0
11110001 0
11110010 0
11110011 0
11110100 0
11110101 0
11110110 0
11110111 0
11111000 0
11111001 0
11111010 0
11111011 0
11111100 0
11111101 0
11111110 0
11111111 0
.names 57 20 41 63
000 1
001 1
010 1
011 1
100 1
101 1
110 1
111 0
.names 137 3 52 15 86 68
00000 0
00001 0
00010 0
00011 0
00100 0
00101 0
00110 0
00111 0
01000 0
01001 0
01010 0
01011 0
01100 0
01101 0
01110 0
01111 0
10000 0
10001 0
10010 0
10011 0
10100 0
10101 0
10110 0
10111 0
11000 0
11001 0
11010 0
11011 0
11100 0
11101 0
11110 0
11111 1
.names 116 127 122 10 131 68 115
000000 0
000001 1
000010 1
000011 1
000100 1
000101 1
000110 1
000111 1
001000 1
001001 1
001010 1
001011 1
001100 1
001101 1
001110 1
001111 1
010000 1
010001 1
010010 1
010011 1
010100 1
010101 1
010110 1
010111 1
011000 1
011001 1
011010 1
011011 1
011100 1
011101 1
011110 1
011111 1
100000 1
100001 1
100010 1
100011 1
100100 1
100101 1
100110 1
100111 1
101000 1
101001 1
101010 1
101011 1
101100 1
101101 1
101110 1
101111 1
110000 1
110001 1
110010 1
110011 1
110100 1
110101 1
110110 1
110111 1
111000 1
111001 1
111010 1
111011 1
111100 1
111101 1
111110 1
111111 1
.names 64 102 125 126 127 24 118 115 119
00000000 0
00000001 1
00000010 1
00000011 1
00000100 1
00000101 1
00000110 1
00000111 1
00001000 1
00001001 1
00001010 1
00001011 1
00001100 1
00001101 1
00001110 1
00001111 1
00010000 1
00010001 1
00010010 1
00010011 1
00010100 1
00010101 1
00010110 1
00010111 1
00011000 1
00011001 1
00011010 1
00011011 1
00011100 1
00011101 1
00011110 1
00011111 1
00100000 1
00100001 1
00100010 1
00100011 1
00100100 1
00100101 1
00100110 1
00100111 1
00101000 1
00101001 1
00101010 1
00101011 1
00101100 1
00101101 1
00101110 1
00101111 1
00110000 1
00110001 1
00110010 1
00110011 1
00110100 1
00110101 1
00110110 1
00110111 1
00111000 1
00111001 1
00111010 1
00111011 1
00111100 1
00111101 1
00111110 1
00111111 1
01000000 1
01000001 1
01000010 1
01000011 1
01000100 1
01000101 1
01000110 1
01000111 1
01001000 1
01001001 1
01001010 1
01001011 1
01001100 1
01001101 1
01001110 1
01001111 1
01010000 1
01010001 1
01010010 1
01010011 1
01010100 1
01010101 1
01010110 1
01010111 1
01011000 1
01011001 1
01011010 1
01011011 1
01011100 1
01011101 1
01011110 1
01011111 1
01100000 1
01100001 1
01100010 1
01100011 1
01100100 1
01100101 1
01100110 1
01100111 1
01101000 1
01101001 1
01101010 1
01101011 1
01101100 1
01101101 1
01101110 1
01101111 1
01110000 1
01110001 1
01110010 1
01110011 1
01110100 1
01110101 1
01110110 1
01110111 1
01111000 1
01111001 1
01111010 1
01111011 1
01111100 1
01111101 1
01111110 1
01111111 1
10000000 1
10000001 1
10000010 1
10000011 1
10000100 1
10000101 1
10000110 1
10000111 1
10001000 1
10001001 1
10001010 1
10001011 1
10001100 1
10001101 1
10001110 1
10001111 1
10010000 1
10010001 1
10010010 1
10010011 1
10010100 1
10010101 1
10010110 1
10010111 1
10011000 1
10011001 1
10011010 1
10011011 1
10011100 1
10011101 1
10011110 1
10011111 1
10100000 1
10100001 1
10100010 1
10100011 1
10100100 1
10100101 1
10100110 1
10100111 1
10101000 1
10101001 1
10101010 1
10101011 1
10101100 1
10101101 1
10101110 1
10101111 1
10110000 1
10110001 1
10110010 1
10110011 1
10110100 1
10110101 1
10110110 1
10110111 1
10111000 1
10111001 1
10111010 1
10111011 1
10111100 1
10111101 1
10111110 1
10111111 1
11000000 1
11000001 1
11000010 1
11000011 1
11000100 1
11000101 1
11000110 1
11000111 1
11001000 1
11001001 1
11001010 1
11001011 1
11001100 1
11001101 1
11001110 1
11001111 1
11010000 1
11010001 1
11010010 1
11010011 1
11010100 1
11010101 1
11010110 1
11010111 1
11011000 1
11011001 1
11011010 1
11011011 1
11011100 1
11011101 1
11011110 1
11011111 1
11100000 1
11100001 1
11100010 1
11100011 1
11100100 1
11100101 1
11100110 1
11100111 1
11101000 1
11101001 1
11101010 1
11101011 1
11101100 1
11101101 1
11101110 1
11101111 1
11110000 1
11110001 1
11110010 1
11110011 1
11110100 1
11110101 1
11110110 1
11110111 1
11111000 1
11111001 1
11111010 1
11111011 1
11111100 1
11111101 1
11111110 1
11111111 1
.names 115 120
0 1
1 0
.names 91 130 113 134 32 121 108 68 129
00000000 1
00000001 0
00000010 0
00000011 1
00000100 0
00000101 1
00000110 1
00000111 1
00001000 0
00001001 1
00001010 1
00001011 1
00001100 1
00001101 1
00001110 1
00001111 1
00010000 0
00010001 1
00010010 1
00010011 1
00010100 1
00010101 1
00010110 1
00010111 1
00011000 1
00011001 1
00011010 1
00011011 1
00011100 1
00011101 1
00011110 1
00011111 1
00100000 0
00100001 1
00100010 1
00100011 1
00100100 1
00100101 1
00100110 1
00100111 1
00101000 1
00101001 1
00101010 1
00101011 1
00101100 1
00101101 1
00101110 1
00101111 1
00110000 1
00110001 1
00110010 1
00110011 1
00110100 1
00110101 1
00110110 1
00110111 1
00111000 1
00111001 1
00111010 1
00111011 1
00111100 1
00111101 1
00111110 1
00111111 1
01000000 0
01000001 1
01000010 1
01000011 1
01000100 1
01000101 1
01000110 1
01000111 1
01001000 1
01001001 1
01001010 1
01001011 1
01001100 1
01001101 1
01001110 1
01001111 1
01010000 1
01010001 1
01010010 1
01010011 1
01010100 1
01010101 1
01010110 1
01010111 1
01011000 1
01011001 1
01011010 1
01011011 1
01011100 1
01011101 1
01011110 1
01011111 1
01100000 1
01100001 1
01100010 1
01100011 1
01100100 1
01100101 1
01100110 1
01100111 1
01101000 1
01101001 1
01101010 1
01101011 1
01101100 1
01101101 1
01101110 1
01101111 1
01110000 1
01110001 1
01110010 1
01110011 1
01110100 1
01110101 1
01110110 1
01110111 1
01111000 1
01111001 1
01111010 1
01111011 1
01111100 1
01111101 1
01111110 1
01111111 1
10000000 0
10000001 1
10000010 1
10000011 1
10000100 1
10000101 1
10000110 1
10000111 1
10001000 1
10001001 1
10001010 1
10001011 1
10001100 1
10001101 1
10001110 1
10001111 1
10010000 1
10010001 1
10010010 1
10010011 1
10010100 1
10010101 1
10010110 1
10010111 1
10011000 1
10011001 1
10011010 1
10011011 1
10011100 1
10011101 1
10011110 1
10011111 1
10100000 1
10100001 1
10100010 1
10100011 1
10100100 1
10100101 1
10100110 1
10100111 1
10101000 1
10101001 1
10101010 1
10101011 1
10101100 1
10101101 1
10101110 1
10101111 1
10110000 1
10110001 1
10110010 1
10110011 1
10110100 1
10110101 1
10110110 1
10110111 1
10111000 1
10111001 1
10111010 1
10111011 1
10111100 1
10111101 1
10111110 1
10111111 1
11000000 1
11000001 1
11000010 1
11000011 1
11000100 1
11000101 1
11000110 1
11000111 1
11001000 1
11001001 1
11001010 1
11001011 1
11001100 1
11001101 1
11001110 1
11001111 1
11010000 1
11010001 1
11010010 1
11010011 1
11010100 1
11010101 1
11010110 1
11010111 1
11011000 1
11011001 1
11011010 1
11011011 1
11011100 1
11011101 1
11011110 1
11011111 1
11100000 1
11100001 1
11100010 1
11100011 1
11100100 1
11100101 1
11100110 1
11100111 1
11101000 1
11101001 1
11101010 1
11101011 1
11101100 1
11101101 1
11101110 1
11101111 1
11110000 1
11110001 1
11110010 1
11110011 1
11110100 1
11110101 1
11110110 1
11110111 1
11111000 1
11111001 1
11111010 1
11111011 1
11111100 1
11111101 1
11111110 1
11111111 1
.names 17 109 135 68 138
0000 0
0001 1
0010 1
0011 0
0100 1
0101 0
0110 0
0111 0
1000 1
1001 0
1010 0
1011 0
1100 0
1101 0
1110 0
1111 0
.names 115 18
0 1
1 0
.names 24 26 14 23 22
0000 0
0001 1
0010 1
0011 0
0100 1
0101 0
0110 0
0111 0
1000 1
1001 0
1010 0
1011 0
1100 0
1101 0
1110 0
1111 0
.names 76 39 30 73 131 41 31
000000 1
000001 0
000010 0
000011 1
000100 0
000101 1
000110 1
000111 1
001000 0
001001 1
001010 1
001011 1
001100 1
001101 1
001110 1
001111 1
010000 0
010001 1
010010 1
010011 1
010100 1
010101 1
010110 1
010111 1
011000 1
011001 1
011010 1
011011 1
011100 1
011101 1
011110 1
011111 1
100000 0
100001 1
100010 1
100011 1
100100 1
100101 1
100110 1
100111 1
101000 1
101001 1
101010 1
101011 1
101100 1
101101 1
101110 1
101111 1
110000 1
110001 1
110010 1
110011 1
110100 1
110101 1
110110 1
110111 1
111000 1
111001 1
111010 1
111011 1
111100 1
111101 1
111110 1
111111 1
.names 98 113 80 18 51
0000 0
0001 1
0010 1
0011 1
0100 1
0101 1
0110 1
0111 1
1000 1
1001 1
1010 1
1011 1
1100 1
1101 1
1110 1
1111 1
.names 57 81 133 51 59
0000 0
0001 1
0010 1
0011 0
0100 1
0101 0
0110 0
0111 0
1000 1
1001 0
1010 0
1011 0
1100 0
1101 0
1110 0
1111 0
.names 51 61
0 1
1 0
.names 95 88 22 100
000 1
001 0
010 0
011 1
100 0
101 1
110 1
111 1
.names 112 108 119 107
000 0
001 1
010 1
011 0
100 1
101 0
110 0
111 0
.names 119 117
0 1
1 0
.end