.model Graphe(4682)
.input 4 5 6 18 48 50 54 75 77 78 82 103 109 115 117 118 120 121 122 123 130 136 138 142 145
.output 77 118 123 81 110 79 119 99 14 21 83 16 80 84 96 9 92 133 113 125 137 73 97 144
.names 138 3
0 1
1 0
.names 18 13
0 1
1 0
.names 78 82 13 23
000 1
001 0
010 0
011 1
100 0
101 1
110 1
111 1
.names 117 27
0 1
1 0
.names 50 76
0 1
1 0
.names 117 81
0 1
1 0
.names 117 85
0 1
1 0
.names 78 89
0 1
1 0
.names 130 112
0 1
1 0
.names 76 135
0 1
1 0
.names 78 140
0 1
1 0
.names 82 145 147
00 0
01 1
10 1
11 0
.names 122 142 76 8
000 1
001 0
010 0
011 1
100 0
101 1
110 1
111 1
.names 18 140 22
00 0
01 0
10 0
11 1
.names 76 70
0 1
1 0
.names 89 74
0 1
1 0
.names 135 110
0 1
1 0
.names 142 147 139
00 0
01 1
10 1
11 0
.names 5 75 82 121 8 7
00000 0
00001 0
00010 0
00011 0
00100 0
00101 0
00110 0
00111 0
01000 0
01001 0
01010 0
01011 0
01100 0
01101 0
01110 0
01111 0
10000 0
10001 0
10010 0
10011 0
10100 0
10101 0
10110 0
10111 0
11000 0
11001 0
11010 0
11011 0
11100 0
11101 0
11110 0
11111 1
.names 117 7 51
00 1
01 1
10 1
11 0
.names 70 139 72
00 0
01 0
10 0
11 1
.names 72 86
0 1
1 0
.names 75 76 74 72 69
0000 1
0001 0
0010 0
0011 1
0100 0
0101 1
0110 1
0111 1
1000 0
1001 1
1010 1
1011 1
1100 1
1101 1
1110 1
1111 1
.names 86 79
0 1
1 0
.names 103 51 69 41
000 1
001 0
010 0
011 0
100 0
101 0
110 0
111 0
.names 115 41 116
00 0
01 1
10 1
11 0
.names 51 116 119
00 0
01 0
10 0
11 1
.names 41 143
0 1
1 0
.names 143 148
0 1
1 0
.names 143 33
0 1
1 0
.names 148 141
0 1
1 0
.names 141 62
0 1
1 0
.names 50 109 115 62 39
0000 0
0001 1
0010 1
0011 0
0100 1
0101 0
0110 0
0111 0
1000 1
1001 0
1010 0
1011 0
1100 0
1101 0
1110 0
1111 0
.names 62 57
0 1
1 0
.names 33 57 26
00 0
01 1
10 1
11 1
.names 4 130 57 55
000 0
001 0
010 0
011 0
100 0
101 0
110 0
111 1
.names 55 61
0 1
1 0
.names 54 61 66
00 1
01 0
10 0
11 0
.names 13 66 24
00 0
01 1
10 1
11 0
.names 66 56
0 1
1 0
.names 116 56 64
00 1
01 0
10 0
11 0
.names 24 68
0 1
1 0
.names 24 129
0 1
1 0
.names 24 17
0 1
1 0
.names 147 22 24 19
000 0
001 0
010 0
011 0
100 0
101 0
110 0
111 1
.names 57 64 60
00 0
01 1
10 1
11 1
.names 39 19 15
00 1
01 0
10 0
11 0
.names 57 15 106
00 1
01 0
10 0
11 0
.names 85 106 105
00 1
01 1
10 1
11 0
.names 138 105 10
00 1
01 0
10 0
11 1
.names 136 147 105 102
000 1
001 0
010 0
011 0
100 0
101 0
110 0
111 0
.names 78 135 17 105 102 107
00000 0
00001 1
00010 1
00011 0
00100 1
00101 0
00110 0
00111 0
01000 1
01001 0
01010 0
01011 0
01100 0
01101 0
01110 0
01111 0
10000 1
10001 0
10010 0
10011 0
10100 0
10101 0
10110 0
10111 0
11000 0
11001 0
11010 0
11011 0
11100 0
11101 0
11110 0
11111 0
.names 5 10 1
00 0
01 0
10 0
11 1
.names 1 99
0 1
1 0
.names 109 89 107 100
000 0
001 1
010 1
011 0
100 1
101 0
110 0
111 0
.names 33 100 34
00 1
01 0
10 0
11 1
.names 75 121 69 34 104
0000 1
0001 0
0010 0
0011 0
0100 0
0101 0
0110 0
0111 0
1000 0
1001 0
1010 0
1011 0
1100 0
1101 0
1110 0
1111 0
.names 34 31
0 1
1 0
.names 136 1 31 28
000 1
001 1
010 1
011 1
100 1
101 1
110 1
111 0
.names 60 31 29
00 0
01 1
10 1
11 1
.names 29 124
0 1
1 0
.names 41 124 127
00 0
01 1
10 1
11 1
.names 48 74 69 62 68 129 127 71
0000000 1
0000001 0
0000010 0
0000011 0
0000100 0
0000101 0
0000110 0
0000111 0
0001000 0
0001001 0
0001010 0
0001011 0
0001100 0
0001101 0
0001110 0
0001111 0
0010000 0
0010001 0
0010010 0
0010011 0
0010100 0
0010101 0
0010110 0
0010111 0
0011000 0
0011001 0
0011010 0
0011011 0
0011100 0
0011101 0
0011110 0
0011111 0
0100000 0
0100001 0
0100010 0
0100011 0
0100100 0
0100101 0
0100110 0
0100111 0
0101000 0
0101001 0
0101010 0
0101011 0
0101100 0
0101101 0
0101110 0
0101111 0
0110000 0
0110001 0
0110010 0
0110011 0
0110100 0
0110101 0
0110110 0
0110111 0
0111000 0
0111001 0
0111010 0
0111011 0
0111100 0
0111101 0
0111110 0
0111111 0
1000000 0
1000001 0
1000010 0
1000011 0
1000100 0
1000101 0
1000110 0
1000111 0
1001000 0
1001001 0
1001010 0
1001011 0
1001100 0
1001101 0
1001110 0
1001111 0
1010000 0
1010001 0
1010010 0
1010011 0
1010100 0
1010101 0
1010110 0
1010111 0
1011000 0
1011001 0
1011010 0
1011011 0
1011100 0
1011101 0
1011110 0
1011111 0
1100000 0
1100001 0
1100010 0
1100011 0
1100100 0
1100101 0
1100110 0
1100111 0
1101000 0
1101001 0
1101010 0
1101011 0
1101100 0
1101101 0
1101110 0
1101111 0
1110000 0
1110001 0
1110010 0
1110011 0
1110100 0
1110101 0
1110110 0
1110111 0
1111000 0
1111001 0
1111010 0
1111011 0
1111100 0
1111101 0
1111110 0
1111111 0
.names 124 101
0 1
1 0
.names 6 33 26 71 30
0000 1
0001 0
0010 0
0011 0
0100 0
0101 0
0110 0
0111 0
1000 0
1001 0
1010 0
1011 0
1100 0
1101 0
1110 0
1111 0
.names 48 34 71 32
000 1
001 0
010 0
011 1
100 0
101 1
110 1
111 1
.names 32 49
0 1
1 0
.names 4 55 49 52
000 1
001 0
010 0
011 0
100 0
101 0
110 0
111 0
.names 32 87
0 1
1 0
.names 130 1 49 134
000 1
001 0
010 0
011 0
100 0
101 0
110 0
111 0
.names 142 145 143 87 146
0000 1
0001 0
0010 0
0011 1
0100 0
0101 1
0110 1
0111 1
1000 0
1001 1
1010 1
1011 1
1100 1
1101 1
1110 1
1111 1
.names 104 134 14
00 0
01 1
10 1
11 1
.names 122 23 17 49 21
0000 0
0001 1
0010 1
0011 0
0100 1
0101 0
0110 0
0111 0
1000 1
1001 0
1010 0
1011 0
1100 0
1101 0
1110 0
1111 0
.names 33 19 100 29 30 25
00000 0
00001 1
00010 1
00011 1
00100 1
00101 1
00110 1
00111 1
01000 1
01001 1
01010 1
01011 1
01100 1
01101 1
01110 1
01111 1
10000 1
10001 1
10010 1
10011 1
10100 1
10101 1
10110 1
10111 1
11000 1
11001 1
11010 1
11011 1
11100 1
11101 1
11110 1
11111 1
.names 30 25 36
00 0
01 1
10 1
11 0
.names 85 1 134 38
000 0
001 1
010 1
011 0
100 1
101 0
110 0
111 0
.names 51 24 25 40
000 0
001 0
010 0
011 0
100 0
101 0
110 0
111 1
.names 28 49 42
00 0
01 0
10 0
11 1
.names 54 41 87 44
000 0
001 0
010 0
011 0
100 0
101 0
110 0
111 1
.names 39 44 45
00 1
01 0
10 0
11 1
.names 61 56 64 36 65
0000 0
0001 1
0010 1
0011 0
0100 1
0101 0
0110 0
0111 0
1000 1
1001 0
1010 0
1011 0
1100 0
1101 0
1110 0
1111 0
.names 64 42 83
00 1
01 0
10 0
11 0
.names 89 87 25 40 45 95
00000 0
00001 1
00010 1
00011 1
00100 1
00101 1
00110 1
00111 1
01000 1
01001 1
01010 1
01011 1
01100 1
01101 1
01110 1
01111 1
10000 1
10001 1
10010 1
10011 1
10100 1
10101 1
10110 1
10111 1
11000 1
11001 1
11010 1
11011 1
11100 1
11101 1
11110 1
11111 1
.names 117 146 65 114
000 1
001 0
010 0
011 1
100 0
101 1
110 1
111 1
.names 134 128
0 1
1 0
.names 61 42 11
00 1
01 1
10 1
11 0
.names 23 68 40 16
000 1
001 1
010 1
011 1
100 1
101 1
110 1
111 0
.names 130 135 33 65 35
0000 0
0001 0
0010 0
0011 0
0100 0
0101 0
0110 0
0111 0
1000 0
1001 0
1010 0
1011 0
1100 0
1101 0
1110 0
1111 1
.names 74 66 65 59
000 0
001 0
010 0
011 0
100 0
101 0
110 0
111 1
.names 52 128 80
00 1
01 0
10 0
11 0
.names 115 120 59 84
000 1
001 0
010 0
011 0
100 0
101 0
110 0
111 0
.names 54 143 17 34 95 93
00000 1
00001 0
00010 0
00011 1
00100 0
00101 1
00110 1
00111 1
01000 0
01001 1
01010 1
01011 1
01100 1
01101 1
01110 1
01111 1
10000 0
10001 1
10010 1
10011 1
10100 1
10101 1
10110 1
10111 1
11000 1
11001 1
11010 1
11011 1
11100 1
11101 1
11110 1
11111 1
.names 23 93 94
00 1
01 0
10 0
11 1
.names 42 35 96
00 1
01 0
10 0
11 0
.names 32 93 98
00 0
01 1
10 1
11 0
.names 50 109 105 102 100 114 108
000000 1
000001 0
000010 0
000011 1
000100 0
000101 1
000110 1
000111 1
001000 0
001001 1
001010 1
001011 1
001100 1
001101 1
001110 1
001111 1
010000 0
010001 1
010010 1
010011 1
010100 1
010101 1
010110 1
010111 1
011000 1
011001 1
011010 1
011011 1
011100 1
011101 1
011110 1
011111 1
100000 0
100001 1
100010 1
100011 1
100100 1
100101 1
100110 1
100111 1
101000 1
101001 1
101010 1
101011 1
101100 1
101101 1
101110 1
101111 1
110000 1
110001 1
110010 1
110011 1
110100 1
110101 1
110110 1
110111 1
111000 1
111001 1
111010 1
111011 1
111100 1
111101 1
111110 1
111111 1
.names 112 72 36 114 111
0000 0
0001 0
0010 0
0011 0
0100 0
0101 0
0110 0
0111 0
1000 0
1001 0
1010 0
1011 0
1100 0
1101 0
1110 0
1111 1
.names 5 111 0
00 0
01 1
10 1
11 1
.names 33 0 2
00 1
01 1
10 1
11 0
.names 5 3 135 2 9
0000 0
0001 1
0010 1
0011 0
0100 1
0101 0
0110 0
0111 0
1000 1
1001 0
1010 0
1011 0
1100 0
1101 0
1110 0
1111 0
.names 141 26 98 20
000 0
001 1
010 1
011 0
100 1
101 0
110 0
111 0
.names 135 66 25 59 53
0000 1
0001 0
0010 0
0011 0
0100 0
0101 0
0110 0
0111 0
1000 0
1001 0
1010 0
1011 0
1100 0
1101 0
1110 0
1111 0
.names 147 94 98 88
000 1
001 1
010 1
011 1
100 1
101 1
110 1
111 0
.names 138 89 19 98 88 90
00000 0
00001 0
00010 0
00011 0
00100 0
00101 0
00110 0
00111 0
01000 0
01001 0
01010 0
01011 0
01100 0
01101 0
01110 0
01111 0
10000 0
10001 0
10010 0
10011 0
10100 0
10101 0
10110 0
10111 0
11000 0
11001 0
11010 0
11011 0
11100 0
11101 0
11110 0
11111 1
.names 143 87 25 98 91
0000 1
0001 1
0010 1
0011 1
0100 1
0101 1
0110 1
0111 1
1000 1
1001 1
1010 1
1011 1
1100 1
1101 1
1110 1
1111 0
.names 11 93 94 92
000 1
001 0
010 0
011 0
100 0
101 0
110 0
111 0
.names 130 102 127 2 126
0000 0
0001 1
0010 1
0011 0
0100 1
0101 0
0110 0
0111 0
1000 1
1001 0
1010 0
1011 0
1100 0
1101 0
1110 0
1111 0
.names 88 131
0 1
1 0
.names 89 88 132
00 1
01 1
10 1
11 0
.names 10 126 133
00 1
01 0
10 0
11 0
.names 6 27 60 20 90 12
00000 0
00001 1
00010 1
00011 0
00100 1
00101 0
00110 0
00111 0
01000 1
01001 0
01010 0
01011 0
01100 0
01101 0
01110 0
01111 0
10000 1
10001 0
10010 0
10011 0
10100 0
10101 0
10110 0
10111 0
11000 0
11001 0
11010 0
11011 0
11100 0
11101 0
11110 0
11111 0
.names 139 53 37
00 0
01 1
10 1
11 0
.names 62 71 101 12 46
0000 0
0001 0
0010 0
0011 0
0100 0
0101 0
0110 0
0111 0
1000 0
1001 0
1010 0
1011 0
1100 0
1101 0
1110 0
1111 1
.names 89 91 58
00 0
01 0
10 0
11 1
.names 55 61 64 58 67
0000 0
0001 0
0010 0
0011 0
0100 0
0101 0
0110 0
0111 0
1000 0
1001 0
1010 0
1011 0
1100 0
1101 0
1110 0
1111 1
.names 120 51 106 46 113
0000 0
0001 1
0010 1
0011 1
0100 1
0101 1
0110 1
0111 1
1000 1
1001 1
1010 1
1011 1
1100 1
1101 1
1110 1
1111 1
.names 134 132 125
00 0
01 1
10 1
11 1
.names 48 116 38 37 137
0000 1
0001 0
0010 0
0011 1
0100 0
0101 1
0110 1
0111 1
1000 0
1001 1
1010 1
1011 1
1100 1
1101 1
1110 1
1111 1
.names 6 48 50 41 36 42 45 108 46 43
000000000 0
000000001 0
000000010 0
000000011 0
000000100 0
000000101 0
000000110 0
000000111 0
000001000 0
000001001 0
000001010 0
000001011 0
000001100 0
000001101 0
000001110 0
000001111 0
000010000 0
000010001 0
000010010 0
000010011 0
000010100 0
000010101 0
000010110 0
000010111 0
000011000 0
000011001 0
000011010 0
000011011 0
000011100 0
000011101 0
000011110 0
000011111 0
000100000 0
000100001 0
000100010 0
000100011 0
000100100 0
000100101 0
000100110 0
000100111 0
000101000 0
000101001 0
000101010 0
000101011 0
000101100 0
000101101 0
000101110 0
000101111 0
000110000 0
000110001 0
000110010 0
000110011 0
000110100 0
000110101 0
000110110 0
000110111 0
000111000 0
000111001 0
000111010 0
000111011 0
000111100 0
000111101 0
000111110 0
000111111 0
001000000 0
001000001 0
001000010 0
001000011 0
001000100 0
001000101 0
001000110 0
001000111 0
001001000 0
001001001 0
001001010 0
001001011 0
001001100 0
001001101 0
001001110 0
001001111 0
001010000 0
001010001 0
001010010 0
001010011 0
001010100 0
001010101 0
001010110 0
001010111 0
001011000 0
001011001 0
001011010 0
001011011 0
001011100 0
001011101 0
001011110 0
001011111 0
001100000 0
001100001 0
001100010 0
001100011 0
001100100 0
001100101 0
001100110 0
001100111 0
001101000 0
001101001 0
001101010 0
001101011 0
001101100 0
001101101 0
001101110 0
001101111 0
001110000 0
001110001 0
001110010 0
001110011 0
001110100 0
001110101 0
001110110 0
001110111 0
001111000 0
001111001 0
001111010 0
001111011 0
001111100 0
001111101 0
001111110 0
001111111 0
010000000 0
010000001 0
010000010 0
010000011 0
010000100 0
010000101 0
010000110 0
010000111 0
010001000 0
010001001 0
010001010 0
010001011 0
010001100 0
010001101 0
010001110 0
010001111 0
010010000 0
010010001 0
010010010 0
010010011 0
010010100 0
010010101 0
010010110 0
010010111 0
010011000 0
010011001 0
010011010 0
010011011 0
010011100 0
010011101 0
010011110 0
010011111 0
010100000 0
010100001 0
010100010 0
010100011 0
010100100 0
010100101 0
010100110 0
010100111 0
010101000 0
010101001 0
010101010 0
010101011 0
010101100 0
010101101 0
010101110 0
010101111 0
010110000 0
010110001 0
010110010 0
010110011 0
010110100 0
010110101 0
010110110 0
010110111 0
010111000 0
010111001 0
010111010 0
010111011 0
010111100 0
010111101 0
010111110 0
010111111 0
011000000 0
011000001 0
011000010 0
011000011 0
011000100 0
011000101 0
011000110 0
011000111 0
011001000 0
011001001 0
011001010 0
011001011 0
011001100 0
011001101 0
011001110 0
011001111 0
011010000 0
011010001 0
011010010 0
011010011 0
011010100 0
011010101 0
011010110 0
011010111 0
011011000 0
011011001 0
011011010 0
011011011 0
011011100 0
011011101 0
011011110 0
011011111 0
011100000 0
011100001 0
011100010 0
011100011 0
011100100 0
011100101 0
011100110 0
011100111 0
011101000 0
011101001 0
011101010 0
011101011 0
011101100 0
011101101 0
011101110 0
011101111 0
011110000 0
011110001 0
011110010 0
011110011 0
011110100 0
011110101 0
011110110 0
011110111 0
011111000 0
011111001 0
011111010 0
011111011 0
011111100 0
011111101 0
011111110 0
011111111 0
100000000 0
100000001 0
100000010 0
100000011 0
100000100 0
100000101 0
100000110 0
100000111 0
100001000 0
100001001 0
100001010 0
100001011 0
100001100 0
100001101 0
100001110 0
100001111 0
100010000 0
100010001 0
100010010 0
100010011 0
100010100 0
100010101 0
100010110 0
100010111 0
100011000 0
100011001 0
100011010 0
100011011 0
100011100 0
100011101 0
100011110 0
100011111 0
100100000 0
100100001 0
100100010 0
100100011 0
100100100 0
100100101 0
100100110 0
100100111 0
100101000 0
100101001 0
100101010 0
100101011 0
100101100 0
100101101 0
100101110 0
100101111 0
100110000 0
100110001 0
100110010 0
100110011 0
100110100 0
100110101 0
100110110 0
100110111 0
100111000 0
100111001 0
100111010 0
100111011 0
100111100 0
100111101 0
100111110 0
100111111 0
101000000 0
101000001 0
101000010 0
101000011 0
101000100 0
101000101 0
101000110 0
101000111 0
101001000 0
101001001 0
101001010 0
101001011 0
101001100 0
101001101 0
101001110 0
101001111 0
101010000 0
101010001 0
101010010 0
101010011 0
101010100 0
101010101 0
101010110 0
101010111 0
101011000 0
101011001 0
101011010 0
101011011 0
101011100 0
101011101 0
101011110 0
101011111 0
101100000 0
101100001 0
101100010 0
101100011 0
101100100 0
101100101 0
101100110 0
101100111 0
101101000 0
101101001 0
101101010 0
101101011 0
101101100 0
101101101 0
101101110 0
101101111 0
101110000 0
101110001 0
101110010 0
101110011 0
101110100 0
101110101 0
101110110 0
101110111 0
101111000 0
101111001 0
101111010 0
101111011 0
101111100 0
101111101 0
101111110 0
101111111 0
110000000 0
110000001 0
110000010 0
110000011 0
110000100 0
110000101 0
110000110 0
110000111 0
110001000 0
110001001 0
110001010 0
110001011 0
110001100 0
110001101 0
110001110 0
110001111 0
110010000 0
110010001 0
110010010 0
110010011 0
110010100 0
110010101 0
110010110 0
110010111 0
110011000 0
110011001 0
110011010 0
110011011 0
110011100 0
110011101 0
110011110 0
110011111 0
110100000 0
110100001 0
110100010 0
110100011 0
110100100 0
110100101 0
110100110 0
110100111 0
110101000 0
110101001 0
110101010 0
110101011 0
110101100 0
110101101 0
110101110 0
110101111 0
110110000 0
110110001 0
110110010 0
110110011 0
110110100 0
110110101 0
110110110 0
110110111 0
110111000 0
110111001 0
110111010 0
110111011 0
110111100 0
110111101 0
110111110 0
110111111 0
111000000 0
111000001 0
111000010 0
111000011 0
111000100 0
111000101 0
111000110 0
111000111 0
111001000 0
111001001 0
111001010 0
111001011 0
111001100 0
111001101 0
111001110 0
111001111 0
111010000 0
111010001 0
111010010 0
111010011 0
111010100 0
111010101 0
111010110 0
111010111 0
111011000 0
111011001 0
111011010 0
111011011 0
111011100 0
111011101 0
111011110 0
111011111 0
111100000 0
111100001 0
111100010 0
111100011 0
111100100 0
111100101 0
111100110 0
111100111 0
111101000 0
111101001 0
111101010 0
111101011 0
111101100 0
111101101 0
111101110 0
111101111 0
111110000 0
111110001 0
111110010 0
111110011 0
111110100 0
111110101 0
111110110 0
111110111 0
111111000 0
111111001 0
111111010 0
111111011 0
111111100 0
111111101 0
111111110 0
111111111 1
.names 41 40 45 43 47
0000 0
0001 1
0010 1
0011 0
0100 1
0101 0
0110 0
0111 0
1000 1
1001 0
1010 0
1011 0
1100 0
1101 0
1110 0
1111 0
.names 75 138 141 57 26 61 56 65 131 67 63
0000000000 0
0000000001 1
0000000010 1
0000000011 0
0000000100 1
0000000101 0
0000000110 0
0000000111 0
0000001000 1
0000001001 0
0000001010 0
0000001011 0
0000001100 0
0000001101 0
0000001110 0
0000001111 0
0000010000 1
0000010001 0
0000010010 0
0000010011 0
0000010100 0
0000010101 0
0000010110 0
0000010111 0
0000011000 0
0000011001 0
0000011010 0
0000011011 0
0000011100 0
0000011101 0
0000011110 0
0000011111 0
0000100000 1
0000100001 0
0000100010 0
0000100011 0
0000100100 0
0000100101 0
0000100110 0
0000100111 0
0000101000 0
0000101001 0
0000101010 0
0000101011 0
0000101100 0
0000101101 0
0000101110 0
0000101111 0
0000110000 0
0000110001 0
0000110010 0
0000110011 0
0000110100 0
0000110101 0
0000110110 0
0000110111 0
0000111000 0
0000111001 0
0000111010 0
0000111011 0
0000111100 0
0000111101 0
0000111110 0
0000111111 0
0001000000 1
0001000001 0
0001000010 0
0001000011 0
0001000100 0
0001000101 0
0001000110 0
0001000111 0
0001001000 0
0001001001 0
0001001010 0
0001001011 0
0001001100 0
0001001101 0
0001001110 0
0001001111 0
0001010000 0
0001010001 0
0001010010 0
0001010011 0
0001010100 0
0001010101 0
0001010110 0
0001010111 0
0001011000 0
0001011001 0
0001011010 0
0001011011 0
0001011100 0
0001011101 0
0001011110 0
0001011111 0
0001100000 0
0001100001 0
0001100010 0
0001100011 0
0001100100 0
0001100101 0
0001100110 0
0001100111 0
0001101000 0
0001101001 0
0001101010 0
0001101011 0
0001101100 0
0001101101 0
0001101110 0
0001101111 0
0001110000 0
0001110001 0
0001110010 0
0001110011 0
0001110100 0
0001110101 0
0001110110 0
0001110111 0
0001111000 0
0001111001 0
0001111010 0
0001111011 0
0001111100 0
0001111101 0
0001111110 0
0001111111 0
0010000000 1
0010000001 0
0010000010 0
0010000011 0
0010000100 0
0010000101 0
0010000110 0
0010000111 0
0010001000 0
0010001001 0
0010001010 0
0010001011 0
0010001100 0
0010001101 0
0010001110 0
0010001111 0
0010010000 0
0010010001 0
0010010010 0
0010010011 0
0010010100 0
0010010101 0
0010010110 0
0010010111 0
0010011000 0
0010011001 0
0010011010 0
0010011011 0
0010011100 0
0010011101 0
0010011110 0
0010011111 0
0010100000 0
0010100001 0
0010100010 0
0010100011 0
0010100100 0
0010100101 0
0010100110 0
0010100111 0
0010101000 0
0010101001 0
0010101010 0
0010101011 0
0010101100 0
0010101101 0
0010101110 0
0010101111 0
0010110000 0
0010110001 0
0010110010 0
0010110011 0
0010110100 0
0010110101 0
0010110110 0
0010110111 0
0010111000 0
0010111001 0
0010111010 0
0010111011 0
0010111100 0
0010111101 0
0010111110 0
0010111111 0
0011000000 0
0011000001 0
0011000010 0
0011000011 0
0011000100 0
0011000101 0
0011000110 0
0011000111 0
0011001000 0
0011001001 0
0011001010 0
0011001011 0
0011001100 0
0011001101 0
0011001110 0
0011001111 0
0011010000 0
0011010001 0
0011010010 0
0011010011 0
0011010100 0
0011010101 0
0011010110 0
0011010111 0
0011011000 0
0011011001 0
0011011010 0
0011011011 0
0011011100 0
0011011101 0
0011011110 0
0011011111 0
0011100000 0
0011100001 0
0011100010 0
0011100011 0
0011100100 0
0011100101 0
0011100110 0
0011100111 0
0011101000 0
0011101001 0
0011101010 0
0011101011 0
0011101100 0
0011101101 0
0011101110 0
0011101111 0
0011110000 0
0011110001 0
0011110010 0
0011110011 0
0011110100 0
0011110101 0
0011110110 0
0011110111 0
0011111000 0
0011111001 0
0011111010 0
0011111011 0
0011111100 0
0011111101 0
0011111110 0
0011111111 0
0100000000 1
0100000001 0
0100000010 0
0100000011 0
0100000100 0
0100000101 0
0100000110 0
0100000111 0
0100001000 0
0100001001 0
0100001010 0
0100001011 0
0100001100 0
0100001101 0
0100001110 0
0100001111 0
0100010000 0
0100010001 0
0100010010 0
0100010011 0
0100010100 0
0100010101 0
0100010110 0
0100010111 0
0100011000 0
0100011001 0
0100011010 0
0100011011 0
0100011100 0
0100011101 0
0100011110 0
0100011111 0
0100100000 0
0100100001 0
0100100010 0
0100100011 0
0100100100 0
0100100101 0
0100100110 0
0100100111 0
0100101000 0
0100101001 0
0100101010 0
0100101011 0
0100101100 0
0100101101 0
0100101110 0
0100101111 0
0100110000 0
0100110001 0
0100110010 0
0100110011 0
0100110100 0
0100110101 0
0100110110 0
0100110111 0
0100111000 0
0100111001 0
0100111010 0
0100111011 0
0100111100 0
0100111101 0
0100111110 0
0100111111 0
0101000000 0
0101000001 0
0101000010 0
0101000011 0
0101000100 0
0101000101 0
0101000110 0
0101000111 0
0101001000 0
0101001001 0
0101001010 0
0101001011 0
0101001100 0
0101001101 0
0101001110 0
0101001111 0
0101010000 0
0101010001 0
0101010010 0
0101010011 0
0101010100 0
0101010101 0
0101010110 0
0101010111 0
0101011000 0
0101011001 0
0101011010 0
0101011011 0
0101011100 0
0101011101 0
0101011110 0
0101011111 0
0101100000 0
0101100001 0
0101100010 0
0101100011 0
0101100100 0
0101100101 0
0101100110 0
0101100111 0
0101101000 0
0101101001 0
0101101010 0
0101101011 0
0101101100 0
0101101101 0
0101101110 0
0101101111 0
0101110000 0
0101110001 0
0101110010 0
0101110011 0
0101110100 0
0101110101 0
0101110110 0
0101110111 0
0101111000 0
0101111001 0
0101111010 0
0101111011 0
0101111100 0
0101111101 0
0101111110 0
0101111111 0
0110000000 0
0110000001 0
0110000010 0
0110000011 0
0110000100 0
0110000101 0
0110000110 0
0110000111 0
0110001000 0
0110001001 0
0110001010 0
0110001011 0
0110001100 0
0110001101 0
0110001110 0
0110001111 0
0110010000 0
0110010001 0
0110010010 0
0110010011 0
0110010100 0
0110010101 0
0110010110 0
0110010111 0
0110011000 0
0110011001 0
0110011010 0
0110011011 0
0110011100 0
0110011101 0
0110011110 0
0110011111 0
0110100000 0
0110100001 0
0110100010 0
0110100011 0
0110100100 0
0110100101 0
0110100110 0
0110100111 0
0110101000 0
0110101001 0
0110101010 0
0110101011 0
0110101100 0
0110101101 0
0110101110 0
0110101111 0
0110110000 0
0110110001 0
0110110010 0
0110110011 0
0110110100 0
0110110101 0
0110110110 0
0110110111 0
0110111000 0
0110111001 0
0110111010 0
0110111011 0
0110111100 0
0110111101 0
0110111110 0
0110111111 0
0111000000 0
0111000001 0
0111000010 0
0111000011 0
0111000100 0
0111000101 0
0111000110 0
0111000111 0
0111001000 0
0111001001 0
0111001010 0
0111001011 0
0111001100 0
0111001101 0
0111001110 0
0111001111 0
0111010000 0
0111010001 0
0111010010 0
0111010011 0
0111010100 0
0111010101 0
0111010110 0
0111010111 0
0111011000 0
0111011001 0
0111011010 0
0111011011 0
0111011100 0
0111011101 0
0111011110 0
0111011111 0
0111100000 0
0111100001 0
0111100010 0
0111100011 0
0111100100 0
0111100101 0
0111100110 0
0111100111 0
0111101000 0
0111101001 0
0111101010 0
0111101011 0
0111101100 0
0111101101 0
0111101110 0
0111101111 0
0111110000 0
0111110001 0
0111110010 0
0111110011 0
0111110100 0
0111110101 0
0111110110 0
0111110111 0
0111111000 0
0111111001 0
0111111010 0
0111111011 0
0111111100 0
0111111101 0
0111111110 0
0111111111 0
1000000000 1
1000000001 0
1000000010 0
1000000011 0
1000000100 0
1000000101 0
1000000110 0
1000000111 0
1000001000 0
1000001001 0
1000001010 0
1000001011 0
1000001100 0
1000001101 0
1000001110 0
1000001111 0
1000010000 0
1000010001 0
1000010010 0
1000010011 0
1000010100 0
1000010101 0
1000010110 0
1000010111 0
1000011000 0
1000011001 0
1000011010 0
1000011011 0
1000011100 0
1000011101 0
1000011110 0
1000011111 0
1000100000 0
1000100001 0
1000100010 0
1000100011 0
1000100100 0
1000100101 0
1000100110 0
1000100111 0
1000101000 0
1000101001 0
1000101010 0
1000101011 0
1000101100 0
1000101101 0
1000101110 0
1000101111 0
1000110000 0
1000110001 0
1000110010 0
1000110011 0
1000110100 0
1000110101 0
1000110110 0
1000110111 0
1000111000 0
1000111001 0
1000111010 0
1000111011 0
1000111100 0
1000111101 0
1000111110 0
1000111111 0
1001000000 0
1001000001 0
1001000010 0
1001000011 0
1001000100 0
1001000101 0
1001000110 0
1001000111 0
1001001000 0
1001001001 0
1001001010 0
1001001011 0
1001001100 0
1001001101 0
1001001110 0
1001001111 0
1001010000 0
1001010001 0
1001010010 0
1001010011 0
1001010100 0
1001010101 0
1001010110 0
1001010111 0
1001011000 0
1001011001 0
1001011010 0
1001011011 0
1001011100 0
1001011101 0
1001011110 0
1001011111 0
1001100000 0
1001100001 0
1001100010 0
1001100011 0
1001100100 0
1001100101 0
1001100110 0
1001100111 0
1001101000 0
1001101001 0
1001101010 0
1001101011 0
1001101100 0
1001101101 0
1001101110 0
1001101111 0
1001110000 0
1001110001 0
1001110010 0
1001110011 0
1001110100 0
1001110101 0
1001110110 0
1001110111 0
1001111000 0
1001111001 0
1001111010 0
1001111011 0
1001111100 0
1001111101 0
1001111110 0
1001111111 0
1010000000 0
1010000001 0
1010000010 0
1010000011 0
1010000100 0
1010000101 0
1010000110 0
1010000111 0
1010001000 0
1010001001 0
1010001010 0
1010001011 0
1010001100 0
1010001101 0
1010001110 0
1010001111 0
1010010000 0
1010010001 0
1010010010 0
1010010011 0
1010010100 0
1010010101 0
1010010110 0
1010010111 0
1010011000 0
1010011001 0
1010011010 0
1010011011 0
1010011100 0
1010011101 0
1010011110 0
1010011111 0
1010100000 0
1010100001 0
1010100010 0
1010100011 0
1010100100 0
1010100101 0
1010100110 0
1010100111 0
1010101000 0
1010101001 0
1010101010 0
1010101011 0
1010101100 0
1010101101 0
1010101110 0
1010101111 0
1010110000 0
1010110001 0
1010110010 0
1010110011 0
1010110100 0
1010110101 0
1010110110 0
1010110111 0
1010111000 0
1010111001 0
1010111010 0
1010111011 0
1010111100 0
1010111101 0
1010111110 0
1010111111 0
1011000000 0
1011000001 0
1011000010 0
1011000011 0
1011000100 0
1011000101 0
1011000110 0
1011000111 0
1011001000 0
1011001001 0
1011001010 0
1011001011 0
1011001100 0
1011001101 0
1011001110 0
1011001111 0
1011010000 0
1011010001 0
1011010010 0
1011010011 0
1011010100 0
1011010101 0
1011010110 0
1011010111 0
1011011000 0
1011011001 0
1011011010 0
1011011011 0
1011011100 0
1011011101 0
1011011110 0
1011011111 0
1011100000 0
1011100001 0
1011100010 0
1011100011 0
1011100100 0
1011100101 0
1011100110 0
1011100111 0
1011101000 0
1011101001 0
1011101010 0
1011101011 0
1011101100 0
1011101101 0
1011101110 0
1011101111 0
1011110000 0
1011110001 0
1011110010 0
1011110011 0
1011110100 0
1011110101 0
1011110110 0
1011110111 0
1011111000 0
1011111001 0
1011111010 0
1011111011 0
1011111100 0
1011111101 0
1011111110 0
1011111111 0
1100000000 0
1100000001 0
1100000010 0
1100000011 0
1100000100 0
1100000101 0
1100000110 0
1100000111 0
1100001000 0
1100001001 0
1100001010 0
1100001011 0
1100001100 0
1100001101 0
1100001110 0
1100001111 0
1100010000 0
1100010001 0
1100010010 0
1100010011 0
1100010100 0
1100010101 0
1100010110 0
1100010111 0
1100011000 0
1100011001 0
1100011010 0
1100011011 0
1100011100 0
1100011101 0
1100011110 0
1100011111 0
1100100000 0
1100100001 0
1100100010 0
1100100011 0
1100100100 0
1100100101 0
1100100110 0
1100100111 0
1100101000 0
1100101001 0
1100101010 0
1100101011 0
1100101100 0
1100101101 0
1100101110 0
1100101111 0
1100110000 0
1100110001 0
1100110010 0
1100110011 0
1100110100 0
1100110101 0
1100110110 0
1100110111 0
1100111000 0
1100111001 0
1100111010 0
1100111011 0
1100111100 0
1100111101 0
1100111110 0
1100111111 0
1101000000 0
1101000001 0
1101000010 0
1101000011 0
1101000100 0
1101000101 0
1101000110 0
1101000111 0
1101001000 0
1101001001 0
1101001010 0
1101001011 0
1101001100 0
1101001101 0
1101001110 0
1101001111 0
1101010000 0
1101010001 0
1101010010 0
1101010011 0
1101010100 0
1101010101 0
1101010110 0
1101010111 0
1101011000 0
1101011001 0
1101011010 0
1101011011 0
1101011100 0
1101011101 0
1101011110 0
1101011111 0
1101100000 0
1101100001 0
1101100010 0
1101100011 0
1101100100 0
1101100101 0
1101100110 0
1101100111 0
1101101000 0
1101101001 0
1101101010 0
1101101011 0
1101101100 0
1101101101 0
1101101110 0
1101101111 0
1101110000 0
1101110001 0
1101110010 0
1101110011 0
1101110100 0
1101110101 0
1101110110 0
1101110111 0
1101111000 0
1101111001 0
1101111010 0
1101111011 0
1101111100 0
1101111101 0
1101111110 0
1101111111 0
1110000000 0
1110000001 0
1110000010 0
1110000011 0
1110000100 0
1110000101 0
1110000110 0
1110000111 0
1110001000 0
1110001001 0
1110001010 0
1110001011 0
1110001100 0
1110001101 0
1110001110 0
1110001111 0
1110010000 0
1110010001 0
1110010010 0
1110010011 0
1110010100 0
1110010101 0
1110010110 0
1110010111 0
1110011000 0
1110011001 0
1110011010 0
1110011011 0
1110011100 0
1110011101 0
1110011110 0
1110011111 0
1110100000 0
1110100001 0
1110100010 0
1110100011 0
1110100100 0
1110100101 0
1110100110 0
1110100111 0
1110101000 0
1110101001 0
1110101010 0
1110101011 0
1110101100 0
1110101101 0
1110101110 0
1110101111 0
1110110000 0
1110110001 0
1110110010 0
1110110011 0
1110110100 0
1110110101 0
1110110110 0
1110110111 0
1110111000 0
1110111001 0
1110111010 0
1110111011 0
1110111100 0
1110111101 0
1110111110 0
1110111111 0
1111000000 0
1111000001 0
1111000010 0
1111000011 0
1111000100 0
1111000101 0
1111000110 0
1111000111 0
1111001000 0
1111001001 0
1111001010 0
1111001011 0
1111001100 0
1111001101 0
1111001110 0
1111001111 0
1111010000 0
1111010001 0
1111010010 0
1111010011 0
1111010100 0
1111010101 0
1111010110 0
1111010111 0
1111011000 0
1111011001 0
1111011010 0
1111011011 0
1111011100 0
1111011101 0
1111011110 0
1111011111 0
1111100000 0
1111100001 0
1111100010 0
1111100011 0
1111100100 0
1111100101 0
1111100110 0
1111100111 0
1111101000 0
1111101001 0
1111101010 0
1111101011 0
1111101100 0
1111101101 0
1111101110 0
1111101111 0
1111110000 0
1111110001 0
1111110010 0
1111110011 0
1111110100 0
1111110101 0
1111110110 0
1111110111 0
1111111000 0
1111111001 0
1111111010 0
1111111011 0
1111111100 0
1111111101 0
1111111110 0
1111111111 0
.names 70 42 88 43 73
0000 0
0001 1
0010 1
0011 0
0100 1
0101 0
0110 0
0111 0
1000 1
1001 0
1010 0
1011 0
1100 0
1101 0
1110 0
1111 0
.names 23 66 98 0 47 97
00000 1
00001 0
00010 0
00011 0
00100 0
00101 0
00110 0
00111 0
01000 0
01001 0
01010 0
01011 0
01100 0
01101 0
01110 0
01111 0
10000 0
10001 0
10010 0
10011 0
10100 0
10101 0
10110 0
10111 0
11000 0
11001 0
11010 0
11011 0
11100 0
11101 0
11110 0
11111 0
.names 100 63 144
00 0
01 1
10 1
11 1
.end