.model Graphe(4699)
.input 7 19 23 36 38 47 49 61 69 78 90 93 106 111 115 126
.output 47 98 12 77 110 116 58 37 10 21 86 112 17 54 99 114 88 103 89 46
.names 19 5
0 1
1 0
.names 111 115 6
00 0
01 1
10 1
11 0
.names 23 93 27
00 1
01 1
10 1
11 0
.names 78 29
0 1
1 0
.names 115 35
0 1
1 0
.names 69 93 39
00 1
01 0
10 0
11 1
.names 39 41
0 1
1 0
.names 49 90 111 42
000 1
001 1
010 1
011 1
100 1
101 1
110 1
111 0
.names 19 23 49 44
000 0
001 0
010 0
011 0
100 0
101 0
110 0
111 1
.names 39 64
0 1
1 0
.names 36 115 76
00 0
01 0
10 0
11 1
.names 49 39 81
00 1
01 1
10 1
11 0
.names 64 82
0 1
1 0
.names 38 90 91
00 1
01 0
10 0
11 1
.names 44 94
0 1
1 0
.names 7 6 64 98
000 0
001 1
010 1
011 0
100 1
101 0
110 0
111 0
.names 69 29 108
00 1
01 0
10 0
11 0
.names 29 117
0 1
1 0
.names 29 123
0 1
1 0
.names 19 130
0 1
1 0
.names 106 6 0
00 0
01 0
10 0
11 1
.names 42 20
0 1
1 0
.names 117 22
0 1
1 0
.names 44 20 28
00 0
01 0
10 0
11 1
.names 28 31
0 1
1 0
.names 28 40
0 1
1 0
.names 126 27 91 43
000 0
001 1
010 1
011 0
100 1
101 0
110 0
111 0
.names 123 72
0 1
1 0
.names 108 87
0 1
1 0
.names 0 119
0 1
1 0
.names 23 49 61 130 129
0000 0
0001 1
0010 1
0011 1
0100 1
0101 1
0110 1
0111 1
1000 1
1001 1
1010 1
1011 1
1100 1
1101 1
1110 1
1111 1
.names 43 12
0 1
1 0
.names 81 20 18
00 1
01 0
10 0
11 1
.names 43 72 48
00 1
01 0
10 0
11 1
.names 76 129 53
00 0
01 1
10 1
11 1
.names 72 66
0 1
1 0
.names 61 43 66 77
000 0
001 1
010 1
011 1
100 1
101 1
110 1
111 1
.names 87 83
0 1
1 0
.names 53 97
0 1
1 0
.names 18 2
0 1
1 0
.names 117 48 8
00 1
01 0
10 0
11 1
.names 8 84
0 1
1 0
.names 97 92
0 1
1 0
.names 35 91 2 1
000 1
001 1
010 1
011 1
100 1
101 1
110 1
111 0
.names 28 1 24
00 1
01 1
10 1
11 0
.names 92 26
0 1
1 0
.names 23 84 26 34
000 1
001 0
010 0
011 0
100 0
101 0
110 0
111 0
.names 24 85
0 1
1 0
.names 23 31 24 110
000 0
001 0
010 0
011 0
100 0
101 0
110 0
111 1
.names 64 85 14
00 1
01 0
10 0
11 0
.names 119 26 16
00 1
01 1
10 1
11 0
.names 29 22 34 30
000 0
001 1
010 1
011 0
100 1
101 0
110 0
111 0
.names 53 14 16 59
000 1
001 0
010 0
011 1
100 0
101 1
110 1
111 1
.names 84 14 116
00 1
01 0
10 0
11 1
.names 24 30 9
00 0
01 1
10 1
11 0
.names 19 38 31 53 1 30 25
000000 1
000001 1
000010 1
000011 1
000100 1
000101 1
000110 1
000111 1
001000 1
001001 1
001010 1
001011 1
001100 1
001101 1
001110 1
001111 1
010000 1
010001 1
010010 1
010011 1
010100 1
010101 1
010110 1
010111 1
011000 1
011001 1
011010 1
011011 1
011100 1
011101 1
011110 1
011111 1
100000 1
100001 1
100010 1
100011 1
100100 1
100101 1
100110 1
100111 1
101000 1
101001 1
101010 1
101011 1
101100 1
101101 1
101110 1
101111 1
110000 1
110001 1
110010 1
110011 1
110100 1
110101 1
110110 1
110111 1
111000 1
111001 1
111010 1
111011 1
111100 1
111101 1
111110 1
111111 0
.names 108 48 59 9 52
0000 0
0001 1
0010 1
0011 0
0100 1
0101 0
0110 0
0111 0
1000 1
1001 0
1010 0
1011 0
1100 0
1101 0
1110 0
1111 0
.names 59 58
0 1
1 0
.names 5 6 94 25 3
0000 1
0001 1
0010 1
0011 1
0100 1
0101 1
0110 1
0111 1
1000 1
1001 1
1010 1
1011 1
1100 1
1101 1
1110 1
1111 0
.names 41 52 37
00 0
01 1
10 1
11 1
.names 3 120
0 1
1 0
.names 81 53 83 52 120 63
00000 0
00001 1
00010 1
00011 0
00100 1
00101 0
00110 0
00111 0
01000 1
01001 0
01010 0
01011 0
01100 0
01101 0
01110 0
01111 0
10000 1
10001 0
10010 0
10011 0
10100 0
10101 0
10110 0
10111 0
11000 0
11001 0
11010 0
11011 0
11100 0
11101 0
11110 0
11111 0
.names 7 63 51
00 0
01 1
10 1
11 1
.names 61 83 51 55
000 0
001 0
010 0
011 0
100 0
101 0
110 0
111 1
.names 23 117 59 55 60
0000 0
0001 1
0010 1
0011 1
0100 1
0101 1
0110 1
0111 1
1000 1
1001 1
1010 1
1011 1
1100 1
1101 1
1110 1
1111 1
.names 41 55 10
00 1
01 0
10 0
11 0
.names 35 22 60 21
000 0
001 0
010 0
011 0
100 0
101 0
110 0
111 1
.names 61 31 53 2 59 52 60 56
0000000 1
0000001 0
0000010 0
0000011 1
0000100 0
0000101 1
0000110 1
0000111 1
0001000 0
0001001 1
0001010 1
0001011 1
0001100 1
0001101 1
0001110 1
0001111 1
0010000 0
0010001 1
0010010 1
0010011 1
0010100 1
0010101 1
0010110 1
0010111 1
0011000 1
0011001 1
0011010 1
0011011 1
0011100 1
0011101 1
0011110 1
0011111 1
0100000 0
0100001 1
0100010 1
0100011 1
0100100 1
0100101 1
0100110 1
0100111 1
0101000 1
0101001 1
0101010 1
0101011 1
0101100 1
0101101 1
0101110 1
0101111 1
0110000 1
0110001 1
0110010 1
0110011 1
0110100 1
0110101 1
0110110 1
0110111 1
0111000 1
0111001 1
0111010 1
0111011 1
0111100 1
0111101 1
0111110 1
0111111 1
1000000 0
1000001 1
1000010 1
1000011 1
1000100 1
1000101 1
1000110 1
1000111 1
1001000 1
1001001 1
1001010 1
1001011 1
1001100 1
1001101 1
1001110 1
1001111 1
1010000 1
1010001 1
1010010 1
1010011 1
1010100 1
1010101 1
1010110 1
1010111 1
1011000 1
1011001 1
1011010 1
1011011 1
1011100 1
1011101 1
1011110 1
1011111 1
1100000 1
1100001 1
1100010 1
1100011 1
1100100 1
1100101 1
1100110 1
1100111 1
1101000 1
1101001 1
1101010 1
1101011 1
1101100 1
1101101 1
1101110 1
1101111 1
1110000 1
1110001 1
1110010 1
1110011 1
1110100 1
1110101 1
1110110 1
1110111 1
1111000 1
1111001 1
1111010 1
1111011 1
1111100 1
1111101 1
1111110 1
1111111 1
.names 43 8 56 104
000 1
001 0
010 0
011 1
100 0
101 1
110 1
111 1
.names 90 104 127
00 0
01 0
10 0
11 1
.names 2 127 70
00 1
01 0
10 0
11 1
.names 94 127 96
00 0
01 0
10 0
11 1
.names 96 4
0 1
1 0
.names 40 70 50
00 0
01 1
10 1
11 0
.names 115 108 20 119 56 4 101
000000 0
000001 1
000010 1
000011 0
000100 1
000101 0
000110 0
000111 0
001000 1
001001 0
001010 0
001011 0
001100 0
001101 0
001110 0
001111 0
010000 1
010001 0
010010 0
010011 0
010100 0
010101 0
010110 0
010111 0
011000 0
011001 0
011010 0
011011 0
011100 0
011101 0
011110 0
011111 0
100000 1
100001 0
100010 0
100011 0
100100 0
100101 0
100110 0
100111 0
101000 0
101001 0
101010 0
101011 0
101100 0
101101 0
101110 0
101111 0
110000 0
110001 0
110010 0
110011 0
110100 0
110101 0
110110 0
110111 0
111000 0
111001 0
111010 0
111011 0
111100 0
111101 0
111110 0
111111 0
.names 38 44 48 104 4 101 107
000000 1
000001 0
000010 0
000011 1
000100 0
000101 1
000110 1
000111 1
001000 0
001001 1
001010 1
001011 1
001100 1
001101 1
001110 1
001111 1
010000 0
010001 1
010010 1
010011 1
010100 1
010101 1
010110 1
010111 1
011000 1
011001 1
011010 1
011011 1
011100 1
011101 1
011110 1
011111 1
100000 0
100001 1
100010 1
100011 1
100100 1
100101 1
100110 1
100111 1
101000 1
101001 1
101010 1
101011 1
101100 1
101101 1
101110 1
101111 1
110000 1
110001 1
110010 1
110011 1
110100 1
110101 1
110110 1
110111 1
111000 1
111001 1
111010 1
111011 1
111100 1
111101 1
111110 1
111111 1
.names 130 28 107 124
000 1
001 1
010 1
011 1
100 1
101 1
110 1
111 0
.names 7 9 127 124 128
0000 1
0001 0
0010 0
0011 1
0100 0
0101 1
0110 1
0111 1
1000 0
1001 1
1010 1
1011 1
1100 1
1101 1
1110 1
1111 1
.names 60 128 13
00 0
01 1
10 1
11 1
.names 24 26 107 33
000 1
001 0
010 0
011 1
100 0
101 1
110 1
111 1
.names 43 50 45
00 1
01 1
10 1
11 0
.names 48 107 86
00 0
01 1
10 1
11 1
.names 107 95
0 1
1 0
.names 106 14 104 101 100
0000 0
0001 1
0010 1
0011 0
0100 1
0101 0
0110 0
0111 0
1000 1
1001 0
1010 0
1011 0
1100 0
1101 0
1110 0
1111 0
.names 61 106 39 18 60 107 102
000000 0
000001 1
000010 1
000011 1
000100 1
000101 1
000110 1
000111 1
001000 1
001001 1
001010 1
001011 1
001100 1
001101 1
001110 1
001111 1
010000 1
010001 1
010010 1
010011 1
010100 1
010101 1
010110 1
010111 1
011000 1
011001 1
011010 1
011011 1
011100 1
011101 1
011110 1
011111 1
100000 1
100001 1
100010 1
100011 1
100100 1
100101 1
100110 1
100111 1
101000 1
101001 1
101010 1
101011 1
101100 1
101101 1
101110 1
101111 1
110000 1
110001 1
110010 1
110011 1
110100 1
110101 1
110110 1
110111 1
111000 1
111001 1
111010 1
111011 1
111100 1
111101 1
111110 1
111111 1
.names 120 45 112
00 0
01 1
10 1
11 1
.names 29 44 25 102 122
0000 0
0001 0
0010 0
0011 0
0100 0
0101 0
0110 0
0111 0
1000 0
1001 0
1010 0
1011 0
1100 0
1101 0
1110 0
1111 1
.names 100 11
0 1
1 0
.names 39 1 3 104 95 15
00000 1
00001 1
00010 1
00011 1
00100 1
00101 1
00110 1
00111 1
01000 1
01001 1
01010 1
01011 1
01100 1
01101 1
01110 1
01111 1
10000 1
10001 1
10010 1
10011 1
10100 1
10101 1
10110 1
10111 1
11000 1
11001 1
11010 1
11011 1
11100 1
11101 1
11110 1
11111 0
.names 15 17
0 1
1 0
.names 60 102 73
00 1
01 0
10 0
11 0
.names 11 105
0 1
1 0
.names 61 93 111 39 53 97 73 62
0000000 1
0000001 0
0000010 0
0000011 0
0000100 0
0000101 0
0000110 0
0000111 0
0001000 0
0001001 0
0001010 0
0001011 0
0001100 0
0001101 0
0001110 0
0001111 0
0010000 0
0010001 0
0010010 0
0010011 0
0010100 0
0010101 0
0010110 0
0010111 0
0011000 0
0011001 0
0011010 0
0011011 0
0011100 0
0011101 0
0011110 0
0011111 0
0100000 0
0100001 0
0100010 0
0100011 0
0100100 0
0100101 0
0100110 0
0100111 0
0101000 0
0101001 0
0101010 0
0101011 0
0101100 0
0101101 0
0101110 0
0101111 0
0110000 0
0110001 0
0110010 0
0110011 0
0110100 0
0110101 0
0110110 0
0110111 0
0111000 0
0111001 0
0111010 0
0111011 0
0111100 0
0111101 0
0111110 0
0111111 0
1000000 0
1000001 0
1000010 0
1000011 0
1000100 0
1000101 0
1000110 0
1000111 0
1001000 0
1001001 0
1001010 0
1001011 0
1001100 0
1001101 0
1001110 0
1001111 0
1010000 0
1010001 0
1010010 0
1010011 0
1010100 0
1010101 0
1010110 0
1010111 0
1011000 0
1011001 0
1011010 0
1011011 0
1011100 0
1011101 0
1011110 0
1011111 0
1100000 0
1100001 0
1100010 0
1100011 0
1100100 0
1100101 0
1100110 0
1100111 0
1101000 0
1101001 0
1101010 0
1101011 0
1101100 0
1101101 0
1101110 0
1101111 0
1110000 0
1110001 0
1110010 0
1110011 0
1110100 0
1110101 0
1110110 0
1110111 0
1111000 0
1111001 0
1111010 0
1111011 0
1111100 0
1111101 0
1111110 0
1111111 0
.names 76 31 26 59 51 55 60 127 4 62 65
0000000000 0
0000000001 0
0000000010 0
0000000011 0
0000000100 0
0000000101 0
0000000110 0
0000000111 0
0000001000 0
0000001001 0
0000001010 0
0000001011 0
0000001100 0
0000001101 0
0000001110 0
0000001111 0
0000010000 0
0000010001 0
0000010010 0
0000010011 0
0000010100 0
0000010101 0
0000010110 0
0000010111 0
0000011000 0
0000011001 0
0000011010 0
0000011011 0
0000011100 0
0000011101 0
0000011110 0
0000011111 0
0000100000 0
0000100001 0
0000100010 0
0000100011 0
0000100100 0
0000100101 0
0000100110 0
0000100111 0
0000101000 0
0000101001 0
0000101010 0
0000101011 0
0000101100 0
0000101101 0
0000101110 0
0000101111 0
0000110000 0
0000110001 0
0000110010 0
0000110011 0
0000110100 0
0000110101 0
0000110110 0
0000110111 0
0000111000 0
0000111001 0
0000111010 0
0000111011 0
0000111100 0
0000111101 0
0000111110 0
0000111111 0
0001000000 0
0001000001 0
0001000010 0
0001000011 0
0001000100 0
0001000101 0
0001000110 0
0001000111 0
0001001000 0
0001001001 0
0001001010 0
0001001011 0
0001001100 0
0001001101 0
0001001110 0
0001001111 0
0001010000 0
0001010001 0
0001010010 0
0001010011 0
0001010100 0
0001010101 0
0001010110 0
0001010111 0
0001011000 0
0001011001 0
0001011010 0
0001011011 0
0001011100 0
0001011101 0
0001011110 0
0001011111 0
0001100000 0
0001100001 0
0001100010 0
0001100011 0
0001100100 0
0001100101 0
0001100110 0
0001100111 0
0001101000 0
0001101001 0
0001101010 0
0001101011 0
0001101100 0
0001101101 0
0001101110 0
0001101111 0
0001110000 0
0001110001 0
0001110010 0
0001110011 0
0001110100 0
0001110101 0
0001110110 0
0001110111 0
0001111000 0
0001111001 0
0001111010 0
0001111011 0
0001111100 0
0001111101 0
0001111110 0
0001111111 0
0010000000 0
0010000001 0
0010000010 0
0010000011 0
0010000100 0
0010000101 0
0010000110 0
0010000111 0
0010001000 0
0010001001 0
0010001010 0
0010001011 0
0010001100 0
0010001101 0
0010001110 0
0010001111 0
0010010000 0
0010010001 0
0010010010 0
0010010011 0
0010010100 0
0010010101 0
0010010110 0
0010010111 0
0010011000 0
0010011001 0
0010011010 0
0010011011 0
0010011100 0
0010011101 0
0010011110 0
0010011111 0
0010100000 0
0010100001 0
0010100010 0
0010100011 0
0010100100 0
0010100101 0
0010100110 0
0010100111 0
0010101000 0
0010101001 0
0010101010 0
0010101011 0
0010101100 0
0010101101 0
0010101110 0
0010101111 0
0010110000 0
0010110001 0
0010110010 0
0010110011 0
0010110100 0
0010110101 0
0010110110 0
0010110111 0
0010111000 0
0010111001 0
0010111010 0
0010111011 0
0010111100 0
0010111101 0
0010111110 0
0010111111 0
0011000000 0
0011000001 0
0011000010 0
0011000011 0
0011000100 0
0011000101 0
0011000110 0
0011000111 0
0011001000 0
0011001001 0
0011001010 0
0011001011 0
0011001100 0
0011001101 0
0011001110 0
0011001111 0
0011010000 0
0011010001 0
0011010010 0
0011010011 0
0011010100 0
0011010101 0
0011010110 0
0011010111 0
0011011000 0
0011011001 0
0011011010 0
0011011011 0
0011011100 0
0011011101 0
0011011110 0
0011011111 0
0011100000 0
0011100001 0
0011100010 0
0011100011 0
0011100100 0
0011100101 0
0011100110 0
0011100111 0
0011101000 0
0011101001 0
0011101010 0
0011101011 0
0011101100 0
0011101101 0
0011101110 0
0011101111 0
0011110000 0
0011110001 0
0011110010 0
0011110011 0
0011110100 0
0011110101 0
0011110110 0
0011110111 0
0011111000 0
0011111001 0
0011111010 0
0011111011 0
0011111100 0
0011111101 0
0011111110 0
0011111111 0
0100000000 0
0100000001 0
0100000010 0
0100000011 0
0100000100 0
0100000101 0
0100000110 0
0100000111 0
0100001000 0
0100001001 0
0100001010 0
0100001011 0
0100001100 0
0100001101 0
0100001110 0
0100001111 0
0100010000 0
0100010001 0
0100010010 0
0100010011 0
0100010100 0
0100010101 0
0100010110 0
0100010111 0
0100011000 0
0100011001 0
0100011010 0
0100011011 0
0100011100 0
0100011101 0
0100011110 0
0100011111 0
0100100000 0
0100100001 0
0100100010 0
0100100011 0
0100100100 0
0100100101 0
0100100110 0
0100100111 0
0100101000 0
0100101001 0
0100101010 0
0100101011 0
0100101100 0
0100101101 0
0100101110 0
0100101111 0
0100110000 0
0100110001 0
0100110010 0
0100110011 0
0100110100 0
0100110101 0
0100110110 0
0100110111 0
0100111000 0
0100111001 0
0100111010 0
0100111011 0
0100111100 0
0100111101 0
0100111110 0
0100111111 0
0101000000 0
0101000001 0
0101000010 0
0101000011 0
0101000100 0
0101000101 0
0101000110 0
0101000111 0
0101001000 0
0101001001 0
0101001010 0
0101001011 0
0101001100 0
0101001101 0
0101001110 0
0101001111 0
0101010000 0
0101010001 0
0101010010 0
0101010011 0
0101010100 0
0101010101 0
0101010110 0
0101010111 0
0101011000 0
0101011001 0
0101011010 0
0101011011 0
0101011100 0
0101011101 0
0101011110 0
0101011111 0
0101100000 0
0101100001 0
0101100010 0
0101100011 0
0101100100 0
0101100101 0
0101100110 0
0101100111 0
0101101000 0
0101101001 0
0101101010 0
0101101011 0
0101101100 0
0101101101 0
0101101110 0
0101101111 0
0101110000 0
0101110001 0
0101110010 0
0101110011 0
0101110100 0
0101110101 0
0101110110 0
0101110111 0
0101111000 0
0101111001 0
0101111010 0
0101111011 0
0101111100 0
0101111101 0
0101111110 0
0101111111 0
0110000000 0
0110000001 0
0110000010 0
0110000011 0
0110000100 0
0110000101 0
0110000110 0
0110000111 0
0110001000 0
0110001001 0
0110001010 0
0110001011 0
0110001100 0
0110001101 0
0110001110 0
0110001111 0
0110010000 0
0110010001 0
0110010010 0
0110010011 0
0110010100 0
0110010101 0
0110010110 0
0110010111 0
0110011000 0
0110011001 0
0110011010 0
0110011011 0
0110011100 0
0110011101 0
0110011110 0
0110011111 0
0110100000 0
0110100001 0
0110100010 0
0110100011 0
0110100100 0
0110100101 0
0110100110 0
0110100111 0
0110101000 0
0110101001 0
0110101010 0
0110101011 0
0110101100 0
0110101101 0
0110101110 0
0110101111 0
0110110000 0
0110110001 0
0110110010 0
0110110011 0
0110110100 0
0110110101 0
0110110110 0
0110110111 0
0110111000 0
0110111001 0
0110111010 0
0110111011 0
0110111100 0
0110111101 0
0110111110 0
0110111111 0
0111000000 0
0111000001 0
0111000010 0
0111000011 0
0111000100 0
0111000101 0
0111000110 0
0111000111 0
0111001000 0
0111001001 0
0111001010 0
0111001011 0
0111001100 0
0111001101 0
0111001110 0
0111001111 0
0111010000 0
0111010001 0
0111010010 0
0111010011 0
0111010100 0
0111010101 0
0111010110 0
0111010111 0
0111011000 0
0111011001 0
0111011010 0
0111011011 0
0111011100 0
0111011101 0
0111011110 0
0111011111 0
0111100000 0
0111100001 0
0111100010 0
0111100011 0
0111100100 0
0111100101 0
0111100110 0
0111100111 0
0111101000 0
0111101001 0
0111101010 0
0111101011 0
0111101100 0
0111101101 0
0111101110 0
0111101111 0
0111110000 0
0111110001 0
0111110010 0
0111110011 0
0111110100 0
0111110101 0
0111110110 0
0111110111 0
0111111000 0
0111111001 0
0111111010 0
0111111011 0
0111111100 0
0111111101 0
0111111110 0
0111111111 0
1000000000 0
1000000001 0
1000000010 0
1000000011 0
1000000100 0
1000000101 0
1000000110 0
1000000111 0
1000001000 0
1000001001 0
1000001010 0
1000001011 0
1000001100 0
1000001101 0
1000001110 0
1000001111 0
1000010000 0
1000010001 0
1000010010 0
1000010011 0
1000010100 0
1000010101 0
1000010110 0
1000010111 0
1000011000 0
1000011001 0
1000011010 0
1000011011 0
1000011100 0
1000011101 0
1000011110 0
1000011111 0
1000100000 0
1000100001 0
1000100010 0
1000100011 0
1000100100 0
1000100101 0
1000100110 0
1000100111 0
1000101000 0
1000101001 0
1000101010 0
1000101011 0
1000101100 0
1000101101 0
1000101110 0
1000101111 0
1000110000 0
1000110001 0
1000110010 0
1000110011 0
1000110100 0
1000110101 0
1000110110 0
1000110111 0
1000111000 0
1000111001 0
1000111010 0
1000111011 0
1000111100 0
1000111101 0
1000111110 0
1000111111 0
1001000000 0
1001000001 0
1001000010 0
1001000011 0
1001000100 0
1001000101 0
1001000110 0
1001000111 0
1001001000 0
1001001001 0
1001001010 0
1001001011 0
1001001100 0
1001001101 0
1001001110 0
1001001111 0
1001010000 0
1001010001 0
1001010010 0
1001010011 0
1001010100 0
1001010101 0
1001010110 0
1001010111 0
1001011000 0
1001011001 0
1001011010 0
1001011011 0
1001011100 0
1001011101 0
1001011110 0
1001011111 0
1001100000 0
1001100001 0
1001100010 0
1001100011 0
1001100100 0
1001100101 0
1001100110 0
1001100111 0
1001101000 0
1001101001 0
1001101010 0
1001101011 0
1001101100 0
1001101101 0
1001101110 0
1001101111 0
1001110000 0
1001110001 0
1001110010 0
1001110011 0
1001110100 0
1001110101 0
1001110110 0
1001110111 0
1001111000 0
1001111001 0
1001111010 0
1001111011 0
1001111100 0
1001111101 0
1001111110 0
1001111111 0
1010000000 0
1010000001 0
1010000010 0
1010000011 0
1010000100 0
1010000101 0
1010000110 0
1010000111 0
1010001000 0
1010001001 0
1010001010 0
1010001011 0
1010001100 0
1010001101 0
1010001110 0
1010001111 0
1010010000 0
1010010001 0
1010010010 0
1010010011 0
1010010100 0
1010010101 0
1010010110 0
1010010111 0
1010011000 0
1010011001 0
1010011010 0
1010011011 0
1010011100 0
1010011101 0
1010011110 0
1010011111 0
1010100000 0
1010100001 0
1010100010 0
1010100011 0
1010100100 0
1010100101 0
1010100110 0
1010100111 0
1010101000 0
1010101001 0
1010101010 0
1010101011 0
1010101100 0
1010101101 0
1010101110 0
1010101111 0
1010110000 0
1010110001 0
1010110010 0
1010110011 0
1010110100 0
1010110101 0
1010110110 0
1010110111 0
1010111000 0
1010111001 0
1010111010 0
1010111011 0
1010111100 0
1010111101 0
1010111110 0
1010111111 0
1011000000 0
1011000001 0
1011000010 0
1011000011 0
1011000100 0
1011000101 0
1011000110 0
1011000111 0
1011001000 0
1011001001 0
1011001010 0
1011001011 0
1011001100 0
1011001101 0
1011001110 0
1011001111 0
1011010000 0
1011010001 0
1011010010 0
1011010011 0
1011010100 0
1011010101 0
1011010110 0
1011010111 0
1011011000 0
1011011001 0
1011011010 0
1011011011 0
1011011100 0
1011011101 0
1011011110 0
1011011111 0
1011100000 0
1011100001 0
1011100010 0
1011100011 0
1011100100 0
1011100101 0
1011100110 0
1011100111 0
1011101000 0
1011101001 0
1011101010 0
1011101011 0
1011101100 0
1011101101 0
1011101110 0
1011101111 0
1011110000 0
1011110001 0
1011110010 0
1011110011 0
1011110100 0
1011110101 0
1011110110 0
1011110111 0
1011111000 0
1011111001 0
1011111010 0
1011111011 0
1011111100 0
1011111101 0
1011111110 0
1011111111 0
1100000000 0
1100000001 0
1100000010 0
1100000011 0
1100000100 0
1100000101 0
1100000110 0
1100000111 0
1100001000 0
1100001001 0
1100001010 0
1100001011 0
1100001100 0
1100001101 0
1100001110 0
1100001111 0
1100010000 0
1100010001 0
1100010010 0
1100010011 0
1100010100 0
1100010101 0
1100010110 0
1100010111 0
1100011000 0
1100011001 0
1100011010 0
1100011011 0
1100011100 0
1100011101 0
1100011110 0
1100011111 0
1100100000 0
1100100001 0
1100100010 0
1100100011 0
1100100100 0
1100100101 0
1100100110 0
1100100111 0
1100101000 0
1100101001 0
1100101010 0
1100101011 0
1100101100 0
1100101101 0
1100101110 0
1100101111 0
1100110000 0
1100110001 0
1100110010 0
1100110011 0
1100110100 0
1100110101 0
1100110110 0
1100110111 0
1100111000 0
1100111001 0
1100111010 0
1100111011 0
1100111100 0
1100111101 0
1100111110 0
1100111111 0
1101000000 0
1101000001 0
1101000010 0
1101000011 0
1101000100 0
1101000101 0
1101000110 0
1101000111 0
1101001000 0
1101001001 0
1101001010 0
1101001011 0
1101001100 0
1101001101 0
1101001110 0
1101001111 0
1101010000 0
1101010001 0
1101010010 0
1101010011 0
1101010100 0
1101010101 0
1101010110 0
1101010111 0
1101011000 0
1101011001 0
1101011010 0
1101011011 0
1101011100 0
1101011101 0
1101011110 0
1101011111 0
1101100000 0
1101100001 0
1101100010 0
1101100011 0
1101100100 0
1101100101 0
1101100110 0
1101100111 0
1101101000 0
1101101001 0
1101101010 0
1101101011 0
1101101100 0
1101101101 0
1101101110 0
1101101111 0
1101110000 0
1101110001 0
1101110010 0
1101110011 0
1101110100 0
1101110101 0
1101110110 0
1101110111 0
1101111000 0
1101111001 0
1101111010 0
1101111011 0
1101111100 0
1101111101 0
1101111110 0
1101111111 0
1110000000 0
1110000001 0
1110000010 0
1110000011 0
1110000100 0
1110000101 0
1110000110 0
1110000111 0
1110001000 0
1110001001 0
1110001010 0
1110001011 0
1110001100 0
1110001101 0
1110001110 0
1110001111 0
1110010000 0
1110010001 0
1110010010 0
1110010011 0
1110010100 0
1110010101 0
1110010110 0
1110010111 0
1110011000 0
1110011001 0
1110011010 0
1110011011 0
1110011100 0
1110011101 0
1110011110 0
1110011111 0
1110100000 0
1110100001 0
1110100010 0
1110100011 0
1110100100 0
1110100101 0
1110100110 0
1110100111 0
1110101000 0
1110101001 0
1110101010 0
1110101011 0
1110101100 0
1110101101 0
1110101110 0
1110101111 0
1110110000 0
1110110001 0
1110110010 0
1110110011 0
1110110100 0
1110110101 0
1110110110 0
1110110111 0
1110111000 0
1110111001 0
1110111010 0
1110111011 0
1110111100 0
1110111101 0
1110111110 0
1110111111 0
1111000000 0
1111000001 0
1111000010 0
1111000011 0
1111000100 0
1111000101 0
1111000110 0
1111000111 0
1111001000 0
1111001001 0
1111001010 0
1111001011 0
1111001100 0
1111001101 0
1111001110 0
1111001111 0
1111010000 0
1111010001 0
1111010010 0
1111010011 0
1111010100 0
1111010101 0
1111010110 0
1111010111 0
1111011000 0
1111011001 0
1111011010 0
1111011011 0
1111011100 0
1111011101 0
1111011110 0
1111011111 0
1111100000 0
1111100001 0
1111100010 0
1111100011 0
1111100100 0
1111100101 0
1111100110 0
1111100111 0
1111101000 0
1111101001 0
1111101010 0
1111101011 0
1111101100 0
1111101101 0
1111101110 0
1111101111 0
1111110000 0
1111110001 0
1111110010 0
1111110011 0
1111110100 0
1111110101 0
1111110110 0
1111110111 0
1111111000 0
1111111001 0
1111111010 0
1111111011 0
1111111100 0
1111111101 0
1111111110 0
1111111111 1
.names 108 3 122 62 65 57
00000 0
00001 1
00010 1
00011 0
00100 1
00101 0
00110 0
00111 0
01000 1
01001 0
01010 0
01011 0
01100 0
01101 0
01110 0
01111 0
10000 1
10001 0
10010 0
10011 0
10100 0
10101 0
10110 0
10111 0
11000 0
11001 0
11010 0
11011 0
11100 0
11101 0
11110 0
11111 0
.names 90 96 57 121
000 1
001 1
010 1
011 1
100 1
101 1
110 1
111 0
.names 64 83 59 51 55 95 57 54
0000000 0
0000001 0
0000010 0
0000011 0
0000100 0
0000101 0
0000110 0
0000111 0
0001000 0
0001001 0
0001010 0
0001011 0
0001100 0
0001101 0
0001110 0
0001111 0
0010000 0
0010001 0
0010010 0
0010011 0
0010100 0
0010101 0
0010110 0
0010111 0
0011000 0
0011001 0
0011010 0
0011011 0
0011100 0
0011101 0
0011110 0
0011111 0
0100000 0
0100001 0
0100010 0
0100011 0
0100100 0
0100101 0
0100110 0
0100111 0
0101000 0
0101001 0
0101010 0
0101011 0
0101100 0
0101101 0
0101110 0
0101111 0
0110000 0
0110001 0
0110010 0
0110011 0
0110100 0
0110101 0
0110110 0
0110111 0
0111000 0
0111001 0
0111010 0
0111011 0
0111100 0
0111101 0
0111110 0
0111111 0
1000000 0
1000001 0
1000010 0
1000011 0
1000100 0
1000101 0
1000110 0
1000111 0
1001000 0
1001001 0
1001010 0
1001011 0
1001100 0
1001101 0
1001110 0
1001111 0
1010000 0
1010001 0
1010010 0
1010011 0
1010100 0
1010101 0
1010110 0
1010111 0
1011000 0
1011001 0
1011010 0
1011011 0
1011100 0
1011101 0
1011110 0
1011111 0
1100000 0
1100001 0
1100010 0
1100011 0
1100100 0
1100101 0
1100110 0
1100111 0
1101000 0
1101001 0
1101010 0
1101011 0
1101100 0
1101101 0
1101110 0
1101111 0
1110000 0
1110001 0
1110010 0
1110011 0
1110100 0
1110101 0
1110110 0
1110111 0
1111000 0
1111001 0
1111010 0
1111011 0
1111100 0
1111101 0
1111110 0
1111111 1
.names 26 13 121 99
000 1
001 0
010 0
011 0
100 0
101 0
110 0
111 0
.names 29 102 121 113
000 0
001 1
010 1
011 1
100 1
101 1
110 1
111 1
.names 19 111 108 105 121 114
00000 1
00001 1
00010 1
00011 1
00100 1
00101 1
00110 1
00111 1
01000 1
01001 1
01010 1
01011 1
01100 1
01101 1
01110 1
01111 1
10000 1
10001 1
10010 1
10011 1
10100 1
10101 1
10110 1
10111 1
11000 1
11001 1
11010 1
11011 1
11100 1
11101 1
11110 1
11111 0
.names 95 113 118
00 0
01 1
10 1
11 1
.names 84 73 62 65 113 71
00000 1
00001 0
00010 0
00011 1
00100 0
00101 1
00110 1
00111 1
01000 0
01001 1
01010 1
01011 1
01100 1
01101 1
01110 1
01111 1
10000 0
10001 1
10010 1
10011 1
10100 1
10101 1
10110 1
10111 1
11000 1
11001 1
11010 1
11011 1
11100 1
11101 1
11110 1
11111 1
.names 13 113 75
00 1
01 1
10 1
11 0
.names 27 81 72 45 73 71 79
000000 1
000001 0
000010 0
000011 1
000100 0
000101 1
000110 1
000111 1
001000 0
001001 1
001010 1
001011 1
001100 1
001101 1
001110 1
001111 1
010000 0
010001 1
010010 1
010011 1
010100 1
010101 1
010110 1
010111 1
011000 1
011001 1
011010 1
011011 1
011100 1
011101 1
011110 1
011111 1
100000 0
100001 1
100010 1
100011 1
100100 1
100101 1
100110 1
100111 1
101000 1
101001 1
101010 1
101011 1
101100 1
101101 1
101110 1
101111 1
110000 1
110001 1
110010 1
110011 1
110100 1
110101 1
110110 1
110111 1
111000 1
111001 1
111010 1
111011 1
111100 1
111101 1
111110 1
111111 1
.names 111 118 75 80
000 1
001 0
010 0
011 0
100 0
101 0
110 0
111 0
.names 91 22 66 71 88
0000 0
0001 1
0010 1
0011 1
0100 1
0101 1
0110 1
0111 1
1000 1
1001 1
1010 1
1011 1
1100 1
1101 1
1110 1
1111 1
.names 130 120 102 71 109
0000 1
0001 0
0010 0
0011 0
0100 0
0101 0
0110 0
0111 0
1000 0
1001 0
1010 0
1011 0
1100 0
1101 0
1110 0
1111 0
.names 72 71 67
00 0
01 1
10 1
11 1
.names 78 81 117 75 79 74
00000 0
00001 1
00010 1
00011 1
00100 1
00101 1
00110 1
00111 1
01000 1
01001 1
01010 1
01011 1
01100 1
01101 1
01110 1
01111 1
10000 1
10001 1
10010 1
10011 1
10100 1
10101 1
10110 1
10111 1
11000 1
11001 1
11010 1
11011 1
11100 1
11101 1
11110 1
11111 1
.names 93 107 100 102 73 109 103
000000 1
000001 0
000010 0
000011 0
000100 0
000101 0
000110 0
000111 0
001000 0
001001 0
001010 0
001011 0
001100 0
001101 0
001110 0
001111 0
010000 0
010001 0
010010 0
010011 0
010100 0
010101 0
010110 0
010111 0
011000 0
011001 0
011010 0
011011 0
011100 0
011101 0
011110 0
011111 0
100000 0
100001 0
100010 0
100011 0
100100 0
100101 0
100110 0
100111 0
101000 0
101001 0
101010 0
101011 0
101100 0
101101 0
101110 0
101111 0
110000 0
110001 0
110010 0
110011 0
110100 0
110101 0
110110 0
110111 0
111000 0
111001 0
111010 0
111011 0
111100 0
111101 0
111110 0
111111 0
.names 93 48 50 13 73 80 67 74 68
00000000 0
00000001 0
00000010 0
00000011 0
00000100 0
00000101 0
00000110 0
00000111 0
00001000 0
00001001 0
00001010 0
00001011 0
00001100 0
00001101 0
00001110 0
00001111 0
00010000 0
00010001 0
00010010 0
00010011 0
00010100 0
00010101 0
00010110 0
00010111 0
00011000 0
00011001 0
00011010 0
00011011 0
00011100 0
00011101 0
00011110 0
00011111 0
00100000 0
00100001 0
00100010 0
00100011 0
00100100 0
00100101 0
00100110 0
00100111 0
00101000 0
00101001 0
00101010 0
00101011 0
00101100 0
00101101 0
00101110 0
00101111 0
00110000 0
00110001 0
00110010 0
00110011 0
00110100 0
00110101 0
00110110 0
00110111 0
00111000 0
00111001 0
00111010 0
00111011 0
00111100 0
00111101 0
00111110 0
00111111 0
01000000 0
01000001 0
01000010 0
01000011 0
01000100 0
01000101 0
01000110 0
01000111 0
01001000 0
01001001 0
01001010 0
01001011 0
01001100 0
01001101 0
01001110 0
01001111 0
01010000 0
01010001 0
01010010 0
01010011 0
01010100 0
01010101 0
01010110 0
01010111 0
01011000 0
01011001 0
01011010 0
01011011 0
01011100 0
01011101 0
01011110 0
01011111 0
01100000 0
01100001 0
01100010 0
01100011 0
01100100 0
01100101 0
01100110 0
01100111 0
01101000 0
01101001 0
01101010 0
01101011 0
01101100 0
01101101 0
01101110 0
01101111 0
01110000 0
01110001 0
01110010 0
01110011 0
01110100 0
01110101 0
01110110 0
01110111 0
01111000 0
01111001 0
01111010 0
01111011 0
01111100 0
01111101 0
01111110 0
01111111 0
10000000 0
10000001 0
10000010 0
10000011 0
10000100 0
10000101 0
10000110 0
10000111 0
10001000 0
10001001 0
10001010 0
10001011 0
10001100 0
10001101 0
10001110 0
10001111 0
10010000 0
10010001 0
10010010 0
10010011 0
10010100 0
10010101 0
10010110 0
10010111 0
10011000 0
10011001 0
10011010 0
10011011 0
10011100 0
10011101 0
10011110 0
10011111 0
10100000 0
10100001 0
10100010 0
10100011 0
10100100 0
10100101 0
10100110 0
10100111 0
10101000 0
10101001 0
10101010 0
10101011 0
10101100 0
10101101 0
10101110 0
10101111 0
10110000 0
10110001 0
10110010 0
10110011 0
10110100 0
10110101 0
10110110 0
10110111 0
10111000 0
10111001 0
10111010 0
10111011 0
10111100 0
10111101 0
10111110 0
10111111 0
11000000 0
11000001 0
11000010 0
11000011 0
11000100 0
11000101 0
11000110 0
11000111 0
11001000 0
11001001 0
11001010 0
11001011 0
11001100 0
11001101 0
11001110 0
11001111 0
11010000 0
11010001 0
11010010 0
11010011 0
11010100 0
11010101 0
11010110 0
11010111 0
11011000 0
11011001 0
11011010 0
11011011 0
11011100 0
11011101 0
11011110 0
11011111 0
11100000 0
11100001 0
11100010 0
11100011 0
11100100 0
11100101 0
11100110 0
11100111 0
11101000 0
11101001 0
11101010 0
11101011 0
11101100 0
11101101 0
11101110 0
11101111 0
11110000 0
11110001 0
11110010 0
11110011 0
11110100 0
11110101 0
11110110 0
11110111 0
11111000 0
11111001 0
11111010 0
11111011 0
11111100 0
11111101 0
11111110 0
11111111 1
.names 91 43 120 68 89
0000 0
0001 1
0010 1
0011 1
0100 1
0101 1
0110 1
0111 1
1000 1
1001 1
1010 1
1011 1
1100 1
1101 1
1110 1
1111 1
.names 126 39 96 45 105 121 68 125
0000000 0
0000001 1
0000010 1
0000011 1
0000100 1
0000101 1
0000110 1
0000111 1
0001000 1
0001001 1
0001010 1
0001011 1
0001100 1
0001101 1
0001110 1
0001111 1
0010000 1
0010001 1
0010010 1
0010011 1
0010100 1
0010101 1
0010110 1
0010111 1
0011000 1
0011001 1
0011010 1
0011011 1
0011100 1
0011101 1
0011110 1
0011111 1
0100000 1
0100001 1
0100010 1
0100011 1
0100100 1
0100101 1
0100110 1
0100111 1
0101000 1
0101001 1
0101010 1
0101011 1
0101100 1
0101101 1
0101110 1
0101111 1
0110000 1
0110001 1
0110010 1
0110011 1
0110100 1
0110101 1
0110110 1
0110111 1
0111000 1
0111001 1
0111010 1
0111011 1
0111100 1
0111101 1
0111110 1
0111111 1
1000000 1
1000001 1
1000010 1
1000011 1
1000100 1
1000101 1
1000110 1
1000111 1
1001000 1
1001001 1
1001010 1
1001011 1
1001100 1
1001101 1
1001110 1
1001111 1
1010000 1
1010001 1
1010010 1
1010011 1
1010100 1
1010101 1
1010110 1
1010111 1
1011000 1
1011001 1
1011010 1
1011011 1
1011100 1
1011101 1
1011110 1
1011111 1
1100000 1
1100001 1
1100010 1
1100011 1
1100100 1
1100101 1
1100110 1
1100111 1
1101000 1
1101001 1
1101010 1
1101011 1
1101100 1
1101101 1
1101110 1
1101111 1
1110000 1
1110001 1
1110010 1
1110011 1
1110100 1
1110101 1
1110110 1
1110111 1
1111000 1
1111001 1
1111010 1
1111011 1
1111100 1
1111101 1
1111110 1
1111111 1
.names 69 2 14 125 32
0000 1
0001 0
0010 0
0011 0
0100 0
0101 0
0110 0
0111 0
1000 0
1001 0
1010 0
1011 0
1100 0
1101 0
1110 0
1111 0
.names 82 130 33 32 46
0000 0
0001 1
0010 1
0011 1
0100 1
0101 1
0110 1
0111 1
1000 1
1001 1
1010 1
1011 1
1100 1
1101 1
1110 1
1111 1
.end