.model Graphe(4952)
.input 10 35 36 58 67 80 81 84 88 90 101 112 120 129
.output 36 50 105 82 132 79 92 95 99 118 75 86 121 128 15 60 72
.names 81 17
0 1
1 0
.names 10 28
0 1
1 0
.names 67 28 29
00 1
01 0
10 0
11 1
.names 81 30
0 1
1 0
.names 29 40
0 1
1 0
.names 90 61
0 1
1 0
.names 101 96
0 1
1 0
.names 88 120 109
00 0
01 1
10 1
11 1
.names 129 123
0 1
1 0
.names 40 123 127
00 0
01 1
10 1
11 0
.names 123 130
0 1
1 0
.names 129 131
0 1
1 0
.names 123 127 5
00 0
01 1
10 1
11 0
.names 40 31
0 1
1 0
.names 31 32
0 1
1 0
.names 5 56
0 1
1 0
.names 88 109 89
00 0
01 0
10 0
11 1
.names 89 94
0 1
1 0
.names 5 108
0 1
1 0
.names 31 113
0 1
1 0
.names 108 11
0 1
1 0
.names 11 18
0 1
1 0
.names 61 56 41
00 1
01 0
10 0
11 0
.names 89 53
0 1
1 0
.names 10 108 73
00 1
01 0
10 0
11 0
.names 131 94 108 93
000 0
001 1
010 1
011 0
100 1
101 0
110 0
111 0
.names 58 41 2
00 0
01 1
10 1
11 1
.names 2 6
0 1
1 0
.names 88 94 6 7
000 1
001 1
010 1
011 1
100 1
101 1
110 1
111 0
.names 127 2 12
00 0
01 0
10 0
11 1
.names 30 32 11 93 7 24
00000 0
00001 1
00010 1
00011 0
00100 1
00101 0
00110 0
00111 0
01000 1
01001 0
01010 0
01011 0
01100 0
01101 0
01110 0
01111 0
10000 1
10001 0
10010 0
10011 0
10100 0
10101 0
10110 0
10111 0
11000 0
11001 0
11010 0
11011 0
11100 0
11101 0
11110 0
11111 0
.names 129 24 44
00 1
01 0
10 0
11 1
.names 129 73 65
00 1
01 0
10 0
11 0
.names 123 7 103
00 0
01 1
10 1
11 0
.names 17 127 12 124
000 1
001 0
010 0
011 1
100 0
101 1
110 1
111 1
.names 124 125
0 1
1 0
.names 6 1
0 1
1 0
.names 24 20
0 1
1 0
.names 31 2 103 48
000 1
001 0
010 0
011 1
100 0
101 1
110 1
111 1
.names 1 49
0 1
1 0
.names 89 49 50
00 1
01 0
10 0
11 0
.names 20 78
0 1
1 0
.names 101 31 103 97
000 0
001 1
010 1
011 1
100 1
101 1
110 1
111 1
.names 78 100
0 1
1 0
.names 61 96 123 127 131 49 105
000000 0
000001 0
000010 0
000011 0
000100 0
000101 0
000110 0
000111 0
001000 0
001001 0
001010 0
001011 0
001100 0
001101 0
001110 0
001111 0
010000 0
010001 0
010010 0
010011 0
010100 0
010101 0
010110 0
010111 0
011000 0
011001 0
011010 0
011011 0
011100 0
011101 0
011110 0
011111 0
100000 0
100001 0
100010 0
100011 0
100100 0
100101 0
100110 0
100111 0
101000 0
101001 0
101010 0
101011 0
101100 0
101101 0
101110 0
101111 0
110000 0
110001 0
110010 0
110011 0
110100 0
110101 0
110110 0
110111 0
111000 0
111001 0
111010 0
111011 0
111100 0
111101 0
111110 0
111111 1
.names 130 124 122
00 0
01 1
10 1
11 1
.names 48 0
0 1
1 0
.names 127 100 0 3
000 1
001 0
010 0
011 1
100 0
101 1
110 1
111 1
.names 96 113 3 4
000 0
001 1
010 1
011 0
100 1
101 0
110 0
111 0
.names 20 97 34
00 0
01 0
10 0
11 1
.names 35 120 48 45
000 1
001 0
010 0
011 0
100 0
101 0
110 0
111 0
.names 56 45 46
00 0
01 1
10 1
11 0
.names 90 48 47
00 1
01 1
10 1
11 0
.names 129 11 46 51
000 1
001 0
010 0
011 1
100 0
101 1
110 1
111 1
.names 78 122 77
00 1
01 1
10 1
11 0
.names 47 82
0 1
1 0
.names 20 97 85
00 1
01 0
10 0
11 0
.names 77 111
0 1
1 0
.names 111 115
0 1
1 0
.names 130 4 126
00 1
01 0
10 0
11 1
.names 84 130 77 64
000 1
001 0
010 0
011 1
100 0
101 1
110 1
111 1
.names 108 45 64 68
000 0
001 0
010 0
011 0
100 0
101 0
110 0
111 1
.names 127 64 76
00 1
01 0
10 0
11 1
.names 123 113 111 68 114
0000 0
0001 0
0010 0
0011 0
0100 0
0101 0
0110 0
0111 0
1000 0
1001 0
1010 0
1011 0
1100 0
1101 0
1110 0
1111 1
.names 68 76 63
00 0
01 1
10 1
11 1
.names 2 68 114 66
000 0
001 1
010 1
011 0
100 1
101 0
110 0
111 0
.names 88 120 65 63 69
0000 1
0001 0
0010 0
0011 1
0100 0
0101 1
0110 1
0111 1
1000 0
1001 1
1010 1
1011 1
1100 1
1101 1
1110 1
1111 1
.names 24 69 70
00 1
01 0
10 0
11 1
.names 76 74
0 1
1 0
.names 56 70 98
00 0
01 1
10 1
11 0
.names 53 34 111 115 74 119
00000 1
00001 0
00010 0
00011 0
00100 0
00101 0
00110 0
00111 0
01000 0
01001 0
01010 0
01011 0
01100 0
01101 0
01110 0
01111 0
10000 0
10001 0
10010 0
10011 0
10100 0
10101 0
10110 0
10111 0
11000 0
11001 0
11010 0
11011 0
11100 0
11101 0
11110 0
11111 0
.names 11 12 103 98 16
0000 0
0001 1
0010 1
0011 1
0100 1
0101 1
0110 1
0111 1
1000 1
1001 1
1010 1
1011 1
1100 1
1101 1
1110 1
1111 1
.names 113 24 20 119 23
0000 1
0001 1
0010 1
0011 1
0100 1
0101 1
0110 1
0111 1
1000 1
1001 1
1010 1
1011 1
1100 1
1101 1
1110 1
1111 0
.names 30 69 42
00 1
01 0
10 0
11 0
.names 98 55
0 1
1 0
.names 124 45 114 42 117
0000 0
0001 0
0010 0
0011 0
0100 0
0101 0
0110 0
0111 0
1000 0
1001 0
1010 0
1011 0
1100 0
1101 0
1110 0
1111 1
.names 41 6 65 55 8
0000 1
0001 0
0010 0
0011 0
0100 0
0101 0
0110 0
0111 0
1000 0
1001 0
1010 0
1011 0
1100 0
1101 0
1110 0
1111 0
.names 113 18 44 51 98 117 43
000000 0
000001 1
000010 1
000011 1
000100 1
000101 1
000110 1
000111 1
001000 1
001001 1
001010 1
001011 1
001100 1
001101 1
001110 1
001111 1
010000 1
010001 1
010010 1
010011 1
010100 1
010101 1
010110 1
010111 1
011000 1
011001 1
011010 1
011011 1
011100 1
011101 1
011110 1
011111 1
100000 1
100001 1
100010 1
100011 1
100100 1
100101 1
100110 1
100111 1
101000 1
101001 1
101010 1
101011 1
101100 1
101101 1
101110 1
101111 1
110000 1
110001 1
110010 1
110011 1
110100 1
110101 1
110110 1
110111 1
111000 1
111001 1
111010 1
111011 1
111100 1
111101 1
111110 1
111111 1
.names 117 83
0 1
1 0
.names 96 108 20 43 102
0000 1
0001 0
0010 0
0011 0
0100 0
0101 0
0110 0
0111 0
1000 0
1001 0
1010 0
1011 0
1100 0
1101 0
1110 0
1111 0
.names 35 88 113 65 102 104
00000 0
00001 1
00010 1
00011 0
00100 1
00101 0
00110 0
00111 0
01000 1
01001 0
01010 0
01011 0
01100 0
01101 0
01110 0
01111 0
10000 1
10001 0
10010 0
10011 0
10100 0
10101 0
10110 0
10111 0
11000 0
11001 0
11010 0
11011 0
11100 0
11101 0
11110 0
11111 0
.names 108 104 106
00 0
01 0
10 0
11 1
.names 129 127 122 8 132
0000 1
0001 0
0010 0
0011 0
0100 0
0101 0
0110 0
0111 0
1000 0
1001 0
1010 0
1011 0
1100 0
1101 0
1110 0
1111 0
.names 88 8 83 9
000 0
001 1
010 1
011 0
100 1
101 0
110 0
111 0
.names 17 11 9 13
000 0
001 1
010 1
011 0
100 1
101 0
110 0
111 0
.names 29 20 13 19
000 0
001 1
010 1
011 1
100 1
101 1
110 1
111 1
.names 109 9 21
00 1
01 0
10 0
11 0
.names 30 9 25
00 0
01 0
10 0
11 1
.names 32 25 27
00 1
01 0
10 0
11 0
.names 40 125 13 33
000 1
001 1
010 1
011 1
100 1
101 1
110 1
111 0
.names 35 122 25 54
000 1
001 1
010 1
011 1
100 1
101 1
110 1
111 0
.names 27 59
0 1
1 0
.names 11 78 76 13 71
0000 0
0001 0
0010 0
0011 0
0100 0
0101 0
0110 0
0111 0
1000 0
1001 0
1010 0
1011 0
1100 0
1101 0
1110 0
1111 1
.names 100 63 23 19 79
0000 0
0001 1
0010 1
0011 1
0100 1
0101 1
0110 1
0111 1
1000 1
1001 1
1010 1
1011 1
1100 1
1101 1
1110 1
1111 1
.names 44 33 87
00 0
01 1
10 1
11 1
.names 94 93 7 85 76 59 91
000000 1
000001 1
000010 1
000011 1
000100 1
000101 1
000110 1
000111 1
001000 1
001001 1
001010 1
001011 1
001100 1
001101 1
001110 1
001111 1
010000 1
010001 1
010010 1
010011 1
010100 1
010101 1
010110 1
010111 1
011000 1
011001 1
011010 1
011011 1
011100 1
011101 1
011110 1
011111 1
100000 1
100001 1
100010 1
100011 1
100100 1
100101 1
100110 1
100111 1
101000 1
101001 1
101010 1
101011 1
101100 1
101101 1
101110 1
101111 1
110000 1
110001 1
110010 1
110011 1
110100 1
110101 1
110110 1
110111 1
111000 1
111001 1
111010 1
111011 1
111100 1
111101 1
111110 1
111111 0
.names 88 30 2 45 85 87 92
000000 1
000001 1
000010 1
000011 1
000100 1
000101 1
000110 1
000111 1
001000 1
001001 1
001010 1
001011 1
001100 1
001101 1
001110 1
001111 1
010000 1
010001 1
010010 1
010011 1
010100 1
010101 1
010110 1
010111 1
011000 1
011001 1
011010 1
011011 1
011100 1
011101 1
011110 1
011111 1
100000 1
100001 1
100010 1
100011 1
100100 1
100101 1
100110 1
100111 1
101000 1
101001 1
101010 1
101011 1
101100 1
101101 1
101110 1
101111 1
110000 1
110001 1
110010 1
110011 1
110100 1
110101 1
110110 1
110111 1
111000 1
111001 1
111010 1
111011 1
111100 1
111101 1
111110 1
111111 0
.names 11 93 122 115 98 16 104 106 19 21 95
0000000000 1
0000000001 0
0000000010 0
0000000011 1
0000000100 0
0000000101 1
0000000110 1
0000000111 1
0000001000 0
0000001001 1
0000001010 1
0000001011 1
0000001100 1
0000001101 1
0000001110 1
0000001111 1
0000010000 0
0000010001 1
0000010010 1
0000010011 1
0000010100 1
0000010101 1
0000010110 1
0000010111 1
0000011000 1
0000011001 1
0000011010 1
0000011011 1
0000011100 1
0000011101 1
0000011110 1
0000011111 1
0000100000 0
0000100001 1
0000100010 1
0000100011 1
0000100100 1
0000100101 1
0000100110 1
0000100111 1
0000101000 1
0000101001 1
0000101010 1
0000101011 1
0000101100 1
0000101101 1
0000101110 1
0000101111 1
0000110000 1
0000110001 1
0000110010 1
0000110011 1
0000110100 1
0000110101 1
0000110110 1
0000110111 1
0000111000 1
0000111001 1
0000111010 1
0000111011 1
0000111100 1
0000111101 1
0000111110 1
0000111111 1
0001000000 0
0001000001 1
0001000010 1
0001000011 1
0001000100 1
0001000101 1
0001000110 1
0001000111 1
0001001000 1
0001001001 1
0001001010 1
0001001011 1
0001001100 1
0001001101 1
0001001110 1
0001001111 1
0001010000 1
0001010001 1
0001010010 1
0001010011 1
0001010100 1
0001010101 1
0001010110 1
0001010111 1
0001011000 1
0001011001 1
0001011010 1
0001011011 1
0001011100 1
0001011101 1
0001011110 1
0001011111 1
0001100000 1
0001100001 1
0001100010 1
0001100011 1
0001100100 1
0001100101 1
0001100110 1
0001100111 1
0001101000 1
0001101001 1
0001101010 1
0001101011 1
0001101100 1
0001101101 1
0001101110 1
0001101111 1
0001110000 1
0001110001 1
0001110010 1
0001110011 1
0001110100 1
0001110101 1
0001110110 1
0001110111 1
0001111000 1
0001111001 1
0001111010 1
0001111011 1
0001111100 1
0001111101 1
0001111110 1
0001111111 1
0010000000 0
0010000001 1
0010000010 1
0010000011 1
0010000100 1
0010000101 1
0010000110 1
0010000111 1
0010001000 1
0010001001 1
0010001010 1
0010001011 1
0010001100 1
0010001101 1
0010001110 1
0010001111 1
0010010000 1
0010010001 1
0010010010 1
0010010011 1
0010010100 1
0010010101 1
0010010110 1
0010010111 1
0010011000 1
0010011001 1
0010011010 1
0010011011 1
0010011100 1
0010011101 1
0010011110 1
0010011111 1
0010100000 1
0010100001 1
0010100010 1
0010100011 1
0010100100 1
0010100101 1
0010100110 1
0010100111 1
0010101000 1
0010101001 1
0010101010 1
0010101011 1
0010101100 1
0010101101 1
0010101110 1
0010101111 1
0010110000 1
0010110001 1
0010110010 1
0010110011 1
0010110100 1
0010110101 1
0010110110 1
0010110111 1
0010111000 1
0010111001 1
0010111010 1
0010111011 1
0010111100 1
0010111101 1
0010111110 1
0010111111 1
0011000000 1
0011000001 1
0011000010 1
0011000011 1
0011000100 1
0011000101 1
0011000110 1
0011000111 1
0011001000 1
0011001001 1
0011001010 1
0011001011 1
0011001100 1
0011001101 1
0011001110 1
0011001111 1
0011010000 1
0011010001 1
0011010010 1
0011010011 1
0011010100 1
0011010101 1
0011010110 1
0011010111 1
0011011000 1
0011011001 1
0011011010 1
0011011011 1
0011011100 1
0011011101 1
0011011110 1
0011011111 1
0011100000 1
0011100001 1
0011100010 1
0011100011 1
0011100100 1
0011100101 1
0011100110 1
0011100111 1
0011101000 1
0011101001 1
0011101010 1
0011101011 1
0011101100 1
0011101101 1
0011101110 1
0011101111 1
0011110000 1
0011110001 1
0011110010 1
0011110011 1
0011110100 1
0011110101 1
0011110110 1
0011110111 1
0011111000 1
0011111001 1
0011111010 1
0011111011 1
0011111100 1
0011111101 1
0011111110 1
0011111111 1
0100000000 0
0100000001 1
0100000010 1
0100000011 1
0100000100 1
0100000101 1
0100000110 1
0100000111 1
0100001000 1
0100001001 1
0100001010 1
0100001011 1
0100001100 1
0100001101 1
0100001110 1
0100001111 1
0100010000 1
0100010001 1
0100010010 1
0100010011 1
0100010100 1
0100010101 1
0100010110 1
0100010111 1
0100011000 1
0100011001 1
0100011010 1
0100011011 1
0100011100 1
0100011101 1
0100011110 1
0100011111 1
0100100000 1
0100100001 1
0100100010 1
0100100011 1
0100100100 1
0100100101 1
0100100110 1
0100100111 1
0100101000 1
0100101001 1
0100101010 1
0100101011 1
0100101100 1
0100101101 1
0100101110 1
0100101111 1
0100110000 1
0100110001 1
0100110010 1
0100110011 1
0100110100 1
0100110101 1
0100110110 1
0100110111 1
0100111000 1
0100111001 1
0100111010 1
0100111011 1
0100111100 1
0100111101 1
0100111110 1
0100111111 1
0101000000 1
0101000001 1
0101000010 1
0101000011 1
0101000100 1
0101000101 1
0101000110 1
0101000111 1
0101001000 1
0101001001 1
0101001010 1
0101001011 1
0101001100 1
0101001101 1
0101001110 1
0101001111 1
0101010000 1
0101010001 1
0101010010 1
0101010011 1
0101010100 1
0101010101 1
0101010110 1
0101010111 1
0101011000 1
0101011001 1
0101011010 1
0101011011 1
0101011100 1
0101011101 1
0101011110 1
0101011111 1
0101100000 1
0101100001 1
0101100010 1
0101100011 1
0101100100 1
0101100101 1
0101100110 1
0101100111 1
0101101000 1
0101101001 1
0101101010 1
0101101011 1
0101101100 1
0101101101 1
0101101110 1
0101101111 1
0101110000 1
0101110001 1
0101110010 1
0101110011 1
0101110100 1
0101110101 1
0101110110 1
0101110111 1
0101111000 1
0101111001 1
0101111010 1
0101111011 1
0101111100 1
0101111101 1
0101111110 1
0101111111 1
0110000000 1
0110000001 1
0110000010 1
0110000011 1
0110000100 1
0110000101 1
0110000110 1
0110000111 1
0110001000 1
0110001001 1
0110001010 1
0110001011 1
0110001100 1
0110001101 1
0110001110 1
0110001111 1
0110010000 1
0110010001 1
0110010010 1
0110010011 1
0110010100 1
0110010101 1
0110010110 1
0110010111 1
0110011000 1
0110011001 1
0110011010 1
0110011011 1
0110011100 1
0110011101 1
0110011110 1
0110011111 1
0110100000 1
0110100001 1
0110100010 1
0110100011 1
0110100100 1
0110100101 1
0110100110 1
0110100111 1
0110101000 1
0110101001 1
0110101010 1
0110101011 1
0110101100 1
0110101101 1
0110101110 1
0110101111 1
0110110000 1
0110110001 1
0110110010 1
0110110011 1
0110110100 1
0110110101 1
0110110110 1
0110110111 1
0110111000 1
0110111001 1
0110111010 1
0110111011 1
0110111100 1
0110111101 1
0110111110 1
0110111111 1
0111000000 1
0111000001 1
0111000010 1
0111000011 1
0111000100 1
0111000101 1
0111000110 1
0111000111 1
0111001000 1
0111001001 1
0111001010 1
0111001011 1
0111001100 1
0111001101 1
0111001110 1
0111001111 1
0111010000 1
0111010001 1
0111010010 1
0111010011 1
0111010100 1
0111010101 1
0111010110 1
0111010111 1
0111011000 1
0111011001 1
0111011010 1
0111011011 1
0111011100 1
0111011101 1
0111011110 1
0111011111 1
0111100000 1
0111100001 1
0111100010 1
0111100011 1
0111100100 1
0111100101 1
0111100110 1
0111100111 1
0111101000 1
0111101001 1
0111101010 1
0111101011 1
0111101100 1
0111101101 1
0111101110 1
0111101111 1
0111110000 1
0111110001 1
0111110010 1
0111110011 1
0111110100 1
0111110101 1
0111110110 1
0111110111 1
0111111000 1
0111111001 1
0111111010 1
0111111011 1
0111111100 1
0111111101 1
0111111110 1
0111111111 1
1000000000 0
1000000001 1
1000000010 1
1000000011 1
1000000100 1
1000000101 1
1000000110 1
1000000111 1
1000001000 1
1000001001 1
1000001010 1
1000001011 1
1000001100 1
1000001101 1
1000001110 1
1000001111 1
1000010000 1
1000010001 1
1000010010 1
1000010011 1
1000010100 1
1000010101 1
1000010110 1
1000010111 1
1000011000 1
1000011001 1
1000011010 1
1000011011 1
1000011100 1
1000011101 1
1000011110 1
1000011111 1
1000100000 1
1000100001 1
1000100010 1
1000100011 1
1000100100 1
1000100101 1
1000100110 1
1000100111 1
1000101000 1
1000101001 1
1000101010 1
1000101011 1
1000101100 1
1000101101 1
1000101110 1
1000101111 1
1000110000 1
1000110001 1
1000110010 1
1000110011 1
1000110100 1
1000110101 1
1000110110 1
1000110111 1
1000111000 1
1000111001 1
1000111010 1
1000111011 1
1000111100 1
1000111101 1
1000111110 1
1000111111 1
1001000000 1
1001000001 1
1001000010 1
1001000011 1
1001000100 1
1001000101 1
1001000110 1
1001000111 1
1001001000 1
1001001001 1
1001001010 1
1001001011 1
1001001100 1
1001001101 1
1001001110 1
1001001111 1
1001010000 1
1001010001 1
1001010010 1
1001010011 1
1001010100 1
1001010101 1
1001010110 1
1001010111 1
1001011000 1
1001011001 1
1001011010 1
1001011011 1
1001011100 1
1001011101 1
1001011110 1
1001011111 1
1001100000 1
1001100001 1
1001100010 1
1001100011 1
1001100100 1
1001100101 1
1001100110 1
1001100111 1
1001101000 1
1001101001 1
1001101010 1
1001101011 1
1001101100 1
1001101101 1
1001101110 1
1001101111 1
1001110000 1
1001110001 1
1001110010 1
1001110011 1
1001110100 1
1001110101 1
1001110110 1
1001110111 1
1001111000 1
1001111001 1
1001111010 1
1001111011 1
1001111100 1
1001111101 1
1001111110 1
1001111111 1
1010000000 1
1010000001 1
1010000010 1
1010000011 1
1010000100 1
1010000101 1
1010000110 1
1010000111 1
1010001000 1
1010001001 1
1010001010 1
1010001011 1
1010001100 1
1010001101 1
1010001110 1
1010001111 1
1010010000 1
1010010001 1
1010010010 1
1010010011 1
1010010100 1
1010010101 1
1010010110 1
1010010111 1
1010011000 1
1010011001 1
1010011010 1
1010011011 1
1010011100 1
1010011101 1
1010011110 1
1010011111 1
1010100000 1
1010100001 1
1010100010 1
1010100011 1
1010100100 1
1010100101 1
1010100110 1
1010100111 1
1010101000 1
1010101001 1
1010101010 1
1010101011 1
1010101100 1
1010101101 1
1010101110 1
1010101111 1
1010110000 1
1010110001 1
1010110010 1
1010110011 1
1010110100 1
1010110101 1
1010110110 1
1010110111 1
1010111000 1
1010111001 1
1010111010 1
1010111011 1
1010111100 1
1010111101 1
1010111110 1
1010111111 1
1011000000 1
1011000001 1
1011000010 1
1011000011 1
1011000100 1
1011000101 1
1011000110 1
1011000111 1
1011001000 1
1011001001 1
1011001010 1
1011001011 1
1011001100 1
1011001101 1
1011001110 1
1011001111 1
1011010000 1
1011010001 1
1011010010 1
1011010011 1
1011010100 1
1011010101 1
1011010110 1
1011010111 1
1011011000 1
1011011001 1
1011011010 1
1011011011 1
1011011100 1
1011011101 1
1011011110 1
1011011111 1
1011100000 1
1011100001 1
1011100010 1
1011100011 1
1011100100 1
1011100101 1
1011100110 1
1011100111 1
1011101000 1
1011101001 1
1011101010 1
1011101011 1
1011101100 1
1011101101 1
1011101110 1
1011101111 1
1011110000 1
1011110001 1
1011110010 1
1011110011 1
1011110100 1
1011110101 1
1011110110 1
1011110111 1
1011111000 1
1011111001 1
1011111010 1
1011111011 1
1011111100 1
1011111101 1
1011111110 1
1011111111 1
1100000000 1
1100000001 1
1100000010 1
1100000011 1
1100000100 1
1100000101 1
1100000110 1
1100000111 1
1100001000 1
1100001001 1
1100001010 1
1100001011 1
1100001100 1
1100001101 1
1100001110 1
1100001111 1
1100010000 1
1100010001 1
1100010010 1
1100010011 1
1100010100 1
1100010101 1
1100010110 1
1100010111 1
1100011000 1
1100011001 1
1100011010 1
1100011011 1
1100011100 1
1100011101 1
1100011110 1
1100011111 1
1100100000 1
1100100001 1
1100100010 1
1100100011 1
1100100100 1
1100100101 1
1100100110 1
1100100111 1
1100101000 1
1100101001 1
1100101010 1
1100101011 1
1100101100 1
1100101101 1
1100101110 1
1100101111 1
1100110000 1
1100110001 1
1100110010 1
1100110011 1
1100110100 1
1100110101 1
1100110110 1
1100110111 1
1100111000 1
1100111001 1
1100111010 1
1100111011 1
1100111100 1
1100111101 1
1100111110 1
1100111111 1
1101000000 1
1101000001 1
1101000010 1
1101000011 1
1101000100 1
1101000101 1
1101000110 1
1101000111 1
1101001000 1
1101001001 1
1101001010 1
1101001011 1
1101001100 1
1101001101 1
1101001110 1
1101001111 1
1101010000 1
1101010001 1
1101010010 1
1101010011 1
1101010100 1
1101010101 1
1101010110 1
1101010111 1
1101011000 1
1101011001 1
1101011010 1
1101011011 1
1101011100 1
1101011101 1
1101011110 1
1101011111 1
1101100000 1
1101100001 1
1101100010 1
1101100011 1
1101100100 1
1101100101 1
1101100110 1
1101100111 1
1101101000 1
1101101001 1
1101101010 1
1101101011 1
1101101100 1
1101101101 1
1101101110 1
1101101111 1
1101110000 1
1101110001 1
1101110010 1
1101110011 1
1101110100 1
1101110101 1
1101110110 1
1101110111 1
1101111000 1
1101111001 1
1101111010 1
1101111011 1
1101111100 1
1101111101 1
1101111110 1
1101111111 1
1110000000 1
1110000001 1
1110000010 1
1110000011 1
1110000100 1
1110000101 1
1110000110 1
1110000111 1
1110001000 1
1110001001 1
1110001010 1
1110001011 1
1110001100 1
1110001101 1
1110001110 1
1110001111 1
1110010000 1
1110010001 1
1110010010 1
1110010011 1
1110010100 1
1110010101 1
1110010110 1
1110010111 1
1110011000 1
1110011001 1
1110011010 1
1110011011 1
1110011100 1
1110011101 1
1110011110 1
1110011111 1
1110100000 1
1110100001 1
1110100010 1
1110100011 1
1110100100 1
1110100101 1
1110100110 1
1110100111 1
1110101000 1
1110101001 1
1110101010 1
1110101011 1
1110101100 1
1110101101 1
1110101110 1
1110101111 1
1110110000 1
1110110001 1
1110110010 1
1110110011 1
1110110100 1
1110110101 1
1110110110 1
1110110111 1
1110111000 1
1110111001 1
1110111010 1
1110111011 1
1110111100 1
1110111101 1
1110111110 1
1110111111 1
1111000000 1
1111000001 1
1111000010 1
1111000011 1
1111000100 1
1111000101 1
1111000110 1
1111000111 1
1111001000 1
1111001001 1
1111001010 1
1111001011 1
1111001100 1
1111001101 1
1111001110 1
1111001111 1
1111010000 1
1111010001 1
1111010010 1
1111010011 1
1111010100 1
1111010101 1
1111010110 1
1111010111 1
1111011000 1
1111011001 1
1111011010 1
1111011011 1
1111011100 1
1111011101 1
1111011110 1
1111011111 1
1111100000 1
1111100001 1
1111100010 1
1111100011 1
1111100100 1
1111100101 1
1111100110 1
1111100111 1
1111101000 1
1111101001 1
1111101010 1
1111101011 1
1111101100 1
1111101101 1
1111101110 1
1111101111 1
1111110000 1
1111110001 1
1111110010 1
1111110011 1
1111110100 1
1111110101 1
1111110110 1
1111110111 1
1111111000 1
1111111001 1
1111111010 1
1111111011 1
1111111100 1
1111111101 1
1111111110 1
1111111111 1
.names 104 99
0 1
1 0
.names 101 78 97 122 98 83 104 59 107
00000000 1
00000001 0
00000010 0
00000011 1
00000100 0
00000101 1
00000110 1
00000111 1
00001000 0
00001001 1
00001010 1
00001011 1
00001100 1
00001101 1
00001110 1
00001111 1
00010000 0
00010001 1
00010010 1
00010011 1
00010100 1
00010101 1
00010110 1
00010111 1
00011000 1
00011001 1
00011010 1
00011011 1
00011100 1
00011101 1
00011110 1
00011111 1
00100000 0
00100001 1
00100010 1
00100011 1
00100100 1
00100101 1
00100110 1
00100111 1
00101000 1
00101001 1
00101010 1
00101011 1
00101100 1
00101101 1
00101110 1
00101111 1
00110000 1
00110001 1
00110010 1
00110011 1
00110100 1
00110101 1
00110110 1
00110111 1
00111000 1
00111001 1
00111010 1
00111011 1
00111100 1
00111101 1
00111110 1
00111111 1
01000000 0
01000001 1
01000010 1
01000011 1
01000100 1
01000101 1
01000110 1
01000111 1
01001000 1
01001001 1
01001010 1
01001011 1
01001100 1
01001101 1
01001110 1
01001111 1
01010000 1
01010001 1
01010010 1
01010011 1
01010100 1
01010101 1
01010110 1
01010111 1
01011000 1
01011001 1
01011010 1
01011011 1
01011100 1
01011101 1
01011110 1
01011111 1
01100000 1
01100001 1
01100010 1
01100011 1
01100100 1
01100101 1
01100110 1
01100111 1
01101000 1
01101001 1
01101010 1
01101011 1
01101100 1
01101101 1
01101110 1
01101111 1
01110000 1
01110001 1
01110010 1
01110011 1
01110100 1
01110101 1
01110110 1
01110111 1
01111000 1
01111001 1
01111010 1
01111011 1
01111100 1
01111101 1
01111110 1
01111111 1
10000000 0
10000001 1
10000010 1
10000011 1
10000100 1
10000101 1
10000110 1
10000111 1
10001000 1
10001001 1
10001010 1
10001011 1
10001100 1
10001101 1
10001110 1
10001111 1
10010000 1
10010001 1
10010010 1
10010011 1
10010100 1
10010101 1
10010110 1
10010111 1
10011000 1
10011001 1
10011010 1
10011011 1
10011100 1
10011101 1
10011110 1
10011111 1
10100000 1
10100001 1
10100010 1
10100011 1
10100100 1
10100101 1
10100110 1
10100111 1
10101000 1
10101001 1
10101010 1
10101011 1
10101100 1
10101101 1
10101110 1
10101111 1
10110000 1
10110001 1
10110010 1
10110011 1
10110100 1
10110101 1
10110110 1
10110111 1
10111000 1
10111001 1
10111010 1
10111011 1
10111100 1
10111101 1
10111110 1
10111111 1
11000000 1
11000001 1
11000010 1
11000011 1
11000100 1
11000101 1
11000110 1
11000111 1
11001000 1
11001001 1
11001010 1
11001011 1
11001100 1
11001101 1
11001110 1
11001111 1
11010000 1
11010001 1
11010010 1
11010011 1
11010100 1
11010101 1
11010110 1
11010111 1
11011000 1
11011001 1
11011010 1
11011011 1
11011100 1
11011101 1
11011110 1
11011111 1
11100000 1
11100001 1
11100010 1
11100011 1
11100100 1
11100101 1
11100110 1
11100111 1
11101000 1
11101001 1
11101010 1
11101011 1
11101100 1
11101101 1
11101110 1
11101111 1
11110000 1
11110001 1
11110010 1
11110011 1
11110100 1
11110101 1
11110110 1
11110111 1
11111000 1
11111001 1
11111010 1
11111011 1
11111100 1
11111101 1
11111110 1
11111111 1
.names 80 56 94 45 119 59 110
000000 0
000001 1
000010 1
000011 0
000100 1
000101 0
000110 0
000111 0
001000 1
001001 0
001010 0
001011 0
001100 0
001101 0
001110 0
001111 0
010000 1
010001 0
010010 0
010011 0
010100 0
010101 0
010110 0
010111 0
011000 0
011001 0
011010 0
011011 0
011100 0
011101 0
011110 0
011111 0
100000 1
100001 0
100010 0
100011 0
100100 0
100101 0
100110 0
100111 0
101000 0
101001 0
101010 0
101011 0
101100 0
101101 0
101110 0
101111 0
110000 0
110001 0
110010 0
110011 0
110100 0
110101 0
110110 0
110111 0
111000 0
111001 0
111010 0
111011 0
111100 0
111101 0
111110 0
111111 0
.names 32 7 48 66 110 118
00000 1
00001 0
00010 0
00011 1
00100 0
00101 1
00110 1
00111 1
01000 0
01001 1
01010 1
01011 1
01100 1
01101 1
01110 1
01111 1
10000 0
10001 1
10010 1
10011 1
10100 1
10101 1
10110 1
10111 1
11000 1
11001 1
11010 1
11011 1
11100 1
11101 1
11110 1
11111 1
.names 58 112 130 23 43 25 22
000000 1
000001 0
000010 0
000011 0
000100 0
000101 0
000110 0
000111 0
001000 0
001001 0
001010 0
001011 0
001100 0
001101 0
001110 0
001111 0
010000 0
010001 0
010010 0
010011 0
010100 0
010101 0
010110 0
010111 0
011000 0
011001 0
011010 0
011011 0
011100 0
011101 0
011110 0
011111 0
100000 0
100001 0
100010 0
100011 0
100100 0
100101 0
100110 0
100111 0
101000 0
101001 0
101010 0
101011 0
101100 0
101101 0
101110 0
101111 0
110000 0
110001 0
110010 0
110011 0
110100 0
110101 0
110110 0
110111 0
111000 0
111001 0
111010 0
111011 0
111100 0
111101 0
111110 0
111111 0
.names 124 45 43 25 27 22 26
000000 0
000001 0
000010 0
000011 0
000100 0
000101 0
000110 0
000111 0
001000 0
001001 0
001010 0
001011 0
001100 0
001101 0
001110 0
001111 0
010000 0
010001 0
010010 0
010011 0
010100 0
010101 0
010110 0
010111 0
011000 0
011001 0
011010 0
011011 0
011100 0
011101 0
011110 0
011111 0
100000 0
100001 0
100010 0
100011 0
100100 0
100101 0
100110 0
100111 0
101000 0
101001 0
101010 0
101011 0
101100 0
101101 0
101110 0
101111 0
110000 0
110001 0
110010 0
110011 0
110100 0
110101 0
110110 0
110111 0
111000 0
111001 0
111010 0
111011 0
111100 0
111101 0
111110 0
111111 1
.names 33 59 37
00 0
01 1
10 1
11 0
.names 35 109 100 23 37 38
00000 0
00001 1
00010 1
00011 0
00100 1
00101 0
00110 0
00111 0
01000 1
01001 0
01010 0
01011 0
01100 0
01101 0
01110 0
01111 0
10000 1
10001 0
10010 0
10011 0
10100 0
10101 0
10110 0
10111 0
11000 0
11001 0
11010 0
11011 0
11100 0
11101 0
11110 0
11111 0
.names 129 34 45 91 39
0000 0
0001 1
0010 1
0011 0
0100 1
0101 0
0110 0
0111 0
1000 1
1001 0
1010 0
1011 0
1100 0
1101 0
1110 0
1111 0
.names 58 53 65 124 55 54 59 57
0000000 0
0000001 1
0000010 1
0000011 0
0000100 1
0000101 0
0000110 0
0000111 0
0001000 1
0001001 0
0001010 0
0001011 0
0001100 0
0001101 0
0001110 0
0001111 0
0010000 1
0010001 0
0010010 0
0010011 0
0010100 0
0010101 0
0010110 0
0010111 0
0011000 0
0011001 0
0011010 0
0011011 0
0011100 0
0011101 0
0011110 0
0011111 0
0100000 1
0100001 0
0100010 0
0100011 0
0100100 0
0100101 0
0100110 0
0100111 0
0101000 0
0101001 0
0101010 0
0101011 0
0101100 0
0101101 0
0101110 0
0101111 0
0110000 0
0110001 0
0110010 0
0110011 0
0110100 0
0110101 0
0110110 0
0110111 0
0111000 0
0111001 0
0111010 0
0111011 0
0111100 0
0111101 0
0111110 0
0111111 0
1000000 1
1000001 0
1000010 0
1000011 0
1000100 0
1000101 0
1000110 0
1000111 0
1001000 0
1001001 0
1001010 0
1001011 0
1001100 0
1001101 0
1001110 0
1001111 0
1010000 0
1010001 0
1010010 0
1010011 0
1010100 0
1010101 0
1010110 0
1010111 0
1011000 0
1011001 0
1011010 0
1011011 0
1011100 0
1011101 0
1011110 0
1011111 0
1100000 0
1100001 0
1100010 0
1100011 0
1100100 0
1100101 0
1100110 0
1100111 0
1101000 0
1101001 0
1101010 0
1101011 0
1101100 0
1101101 0
1101110 0
1101111 0
1110000 0
1110001 0
1110010 0
1110011 0
1110100 0
1110101 0
1110110 0
1110111 0
1111000 0
1111001 0
1111010 0
1111011 0
1111100 0
1111101 0
1111110 0
1111111 0
.names 73 115 107 62
000 0
001 1
010 1
011 1
100 1
101 1
110 1
111 1
.names 120 1 38 75
000 1
001 0
010 0
011 0
100 0
101 0
110 0
111 0
.names 91 86
0 1
1 0
.names 101 31 51 119 26 116
00000 0
00001 0
00010 0
00011 0
00100 0
00101 0
00110 0
00111 0
01000 0
01001 0
01010 0
01011 0
01100 0
01101 0
01110 0
01111 0
10000 0
10001 0
10010 0
10011 0
10100 0
10101 0
10110 0
10111 0
11000 0
11001 0
11010 0
11011 0
11100 0
11101 0
11110 0
11111 1
.names 56 49 57 121
000 1
001 0
010 0
011 1
100 0
101 1
110 1
111 1
.names 108 103 125 122 39 128
00000 0
00001 1
00010 1
00011 1
00100 1
00101 1
00110 1
00111 1
01000 1
01001 1
01010 1
01011 1
01100 1
01101 1
01110 1
01111 1
10000 1
10001 1
10010 1
10011 1
10100 1
10101 1
10110 1
10111 1
11000 1
11001 1
11010 1
11011 1
11100 1
11101 1
11110 1
11111 1
.names 71 62 116 14
000 0
001 0
010 0
011 0
100 0
101 0
110 0
111 1
.names 123 83 39 15
000 0
001 1
010 1
011 1
100 1
101 1
110 1
111 1
.names 61 127 14 52
000 1
001 0
010 0
011 0
100 0
101 0
110 0
111 0
.names 126 62 60
00 0
01 0
10 0
11 1
.names 29 74 52 72
000 0
001 1
010 1
011 0
100 1
101 0
110 0
111 0
.end