.model Graphe(4277)
.input 3 9 11 15 24 34 43 52 55 62 63 65 67 73 88 90 95 96 103 112 115 118 125 127 128 137 139 140 142
.output 128 18 33 66 82 51 74 13 80 107 68 113 71 102 133 85 92 23 58 60 64 29
.names 52 88 96 18
000 0
001 1
010 1
011 1
100 1
101 1
110 1
111 1
.names 90 33
0 1
1 0
.names 65 56
0 1
1 0
.names 127 61
0 1
1 0
.names 65 66
0 1
1 0
.names 43 76
0 1
1 0
.names 55 82
0 1
1 0
.names 61 83
0 1
1 0
.names 88 84
0 1
1 0
.names 137 100
0 1
1 0
.names 56 120
0 1
1 0
.names 125 131
0 1
1 0
.names 140 142 143
00 0
01 1
10 1
11 0
.names 143 145
0 1
1 0
.names 139 145 146
00 1
01 0
10 0
11 1
.names 56 84 7
00 0
01 1
10 1
11 1
.names 9 83 47
00 1
01 0
10 0
11 1
.names 47 53
0 1
1 0
.names 120 75
0 1
1 0
.names 131 130
0 1
1 0
.names 145 134
0 1
1 0
.names 53 45
0 1
1 0
.names 142 130 101
00 0
01 1
10 1
11 0
.names 131 101 106
00 0
01 1
10 1
11 1
.names 34 101 35
00 0
01 1
10 1
11 1
.names 35 109
0 1
1 0
.names 15 55 109 14
000 1
001 0
010 0
011 1
100 0
101 1
110 1
111 1
.names 11 15 65 75 14 0
00000 1
00001 0
00010 0
00011 0
00100 0
00101 0
00110 0
00111 0
01000 0
01001 0
01010 0
01011 0
01100 0
01101 0
01110 0
01111 0
10000 0
10001 0
10010 0
10011 0
10100 0
10101 0
10110 0
10111 0
11000 0
11001 0
11010 0
11011 0
11100 0
11101 0
11110 0
11111 0
.names 118 146 7 14 4
0000 1
0001 0
0010 0
0011 1
0100 0
0101 1
0110 1
0111 1
1000 0
1001 1
1010 1
1011 1
1100 1
1101 1
1110 1
1111 1
.names 9 4 5
00 1
01 0
10 0
11 1
.names 9 90 106 35 5 8
00000 1
00001 0
00010 0
00011 0
00100 0
00101 0
00110 0
00111 0
01000 0
01001 0
01010 0
01011 0
01100 0
01101 0
01110 0
01111 0
10000 0
10001 0
10010 0
10011 0
10100 0
10101 0
10110 0
10111 0
11000 0
11001 0
11010 0
11011 0
11100 0
11101 0
11110 0
11111 0
.names 0 10
0 1
1 0
.names 15 5 16
00 0
01 1
10 1
11 1
.names 145 8 42
00 1
01 0
10 0
11 1
.names 131 45 42 49
000 0
001 0
010 0
011 0
100 0
101 0
110 0
111 1
.names 55 7 47 42 50
0000 1
0001 0
0010 0
0011 0
0100 0
0101 0
0110 0
0111 0
1000 0
1001 0
1010 0
1011 0
1100 0
1101 0
1110 0
1111 0
.names 62 10 42 51
000 1
001 0
010 0
011 0
100 0
101 0
110 0
111 0
.names 146 42 74
00 0
01 1
10 1
11 1
.names 0 108
0 1
1 0
.names 120 108 121
00 1
01 0
10 0
11 1
.names 118 121 122
00 0
01 1
10 1
11 1
.names 8 1
0 1
1 0
.names 55 10 49 12
000 1
001 0
010 0
011 1
100 0
101 1
110 1
111 1
.names 24 50 21
00 1
01 0
10 0
11 1
.names 63 67 122 41
000 1
001 0
010 0
011 1
100 0
101 1
110 1
111 1
.names 49 12 132
00 0
01 1
10 1
11 1
.names 132 79
0 1
1 0
.names 79 6
0 1
1 0
.names 15 6 13
00 0
01 0
10 0
11 1
.names 112 115 106 6 114
0000 1
0001 0
0010 0
0011 0
0100 0
0101 0
0110 0
0111 0
1000 0
1001 0
1010 0
1011 0
1100 0
1101 0
1110 0
1111 0
.names 125 12 114 46
000 0
001 0
010 0
011 0
100 0
101 0
110 0
111 1
.names 73 140 53 46 48
0000 1
0001 1
0010 1
0011 1
0100 1
0101 1
0110 1
0111 1
1000 1
1001 1
1010 1
1011 1
1100 1
1101 1
1110 1
1111 0
.names 121 48 26
00 0
01 1
10 1
11 0
.names 114 26 77
00 1
01 0
10 0
11 0
.names 75 77 78
00 0
01 0
10 0
11 1
.names 76 75 8 78 80
0000 1
0001 0
0010 0
0011 1
0100 0
0101 1
0110 1
0111 1
1000 0
1001 1
1010 1
1011 1
1100 1
1101 1
1110 1
1111 1
.names 15 49 77 117
000 0
001 1
010 1
011 0
100 1
101 0
110 0
111 0
.names 117 119
0 1
1 0
.names 130 119 129
00 1
01 0
10 0
11 0
.names 119 94
0 1
1 0
.names 121 122 78 119 116
0000 1
0001 0
0010 0
0011 1
0100 0
0101 1
0110 1
0111 1
1000 0
1001 1
1010 1
1011 1
1100 1
1101 1
1110 1
1111 1
.names 4 121 6 116 123
0000 1
0001 1
0010 1
0011 1
0100 1
0101 1
0110 1
0111 1
1000 1
1001 1
1010 1
1011 1
1100 1
1101 1
1110 1
1111 0
.names 134 41 123 141
000 0
001 1
010 1
011 1
100 1
101 1
110 1
111 1
.names 94 69
0 1
1 0
.names 3 43 108 77 123 81
00000 1
00001 1
00010 1
00011 1
00100 1
00101 1
00110 1
00111 1
01000 1
01001 1
01010 1
01011 1
01100 1
01101 1
01110 1
01111 1
10000 1
10001 1
10010 1
10011 1
10100 1
10101 1
10110 1
10111 1
11000 1
11001 1
11010 1
11011 1
11100 1
11101 1
11110 1
11111 0
.names 140 56 26 141 126
0000 0
0001 1
0010 1
0011 1
0100 1
0101 1
0110 1
0111 1
1000 1
1001 1
1010 1
1011 1
1100 1
1101 1
1110 1
1111 1
.names 108 132 141 138
000 0
001 1
010 1
011 1
100 1
101 1
110 1
111 1
.names 120 69 144
00 0
01 0
10 0
11 1
.names 62 7 4 81 54
0000 0
0001 1
0010 1
0011 1
0100 1
0101 1
0110 1
0111 1
1000 1
1001 1
1010 1
1011 1
1100 1
1101 1
1110 1
1111 1
.names 144 89
0 1
1 0
.names 10 138 54 111
000 1
001 1
010 1
011 1
100 1
101 1
110 1
111 0
.names 65 4 111 104
000 1
001 0
010 0
011 1
100 0
101 1
110 1
111 1
.names 100 101 111 105
000 0
001 1
010 1
011 1
100 1
101 1
110 1
111 1
.names 118 119 111 107
000 1
001 0
010 0
011 1
100 0
101 1
110 1
111 1
.names 105 110
0 1
1 0
.names 104 20
0 1
1 0
.names 21 20 22
00 0
01 1
10 1
11 0
.names 34 22 37
00 0
01 1
10 1
11 0
.names 24 56 134 105 57
0000 1
0001 1
0010 1
0011 1
0100 1
0101 1
0110 1
0111 1
1000 1
1001 1
1010 1
1011 1
1100 1
1101 1
1110 1
1111 0
.names 129 37 57 72
000 1
001 1
010 1
011 1
100 1
101 1
110 1
111 0
.names 118 8 37 27
000 1
001 0
010 0
011 1
100 0
101 1
110 1
111 1
.names 72 68
0 1
1 0
.names 72 70
0 1
1 0
.names 131 27 87
00 1
01 1
10 1
11 0
.names 95 84 75 0 41 144 70 93
0000000 0
0000001 0
0000010 0
0000011 0
0000100 0
0000101 0
0000110 0
0000111 0
0001000 0
0001001 0
0001010 0
0001011 0
0001100 0
0001101 0
0001110 0
0001111 0
0010000 0
0010001 0
0010010 0
0010011 0
0010100 0
0010101 0
0010110 0
0010111 0
0011000 0
0011001 0
0011010 0
0011011 0
0011100 0
0011101 0
0011110 0
0011111 0
0100000 0
0100001 0
0100010 0
0100011 0
0100100 0
0100101 0
0100110 0
0100111 0
0101000 0
0101001 0
0101010 0
0101011 0
0101100 0
0101101 0
0101110 0
0101111 0
0110000 0
0110001 0
0110010 0
0110011 0
0110100 0
0110101 0
0110110 0
0110111 0
0111000 0
0111001 0
0111010 0
0111011 0
0111100 0
0111101 0
0111110 0
0111111 0
1000000 0
1000001 0
1000010 0
1000011 0
1000100 0
1000101 0
1000110 0
1000111 0
1001000 0
1001001 0
1001010 0
1001011 0
1001100 0
1001101 0
1001110 0
1001111 0
1010000 0
1010001 0
1010010 0
1010011 0
1010100 0
1010101 0
1010110 0
1010111 0
1011000 0
1011001 0
1011010 0
1011011 0
1011100 0
1011101 0
1011110 0
1011111 0
1100000 0
1100001 0
1100010 0
1100011 0
1100100 0
1100101 0
1100110 0
1100111 0
1101000 0
1101001 0
1101010 0
1101011 0
1101100 0
1101101 0
1101110 0
1101111 0
1110000 0
1110001 0
1110010 0
1110011 0
1110100 0
1110101 0
1110110 0
1110111 0
1111000 0
1111001 0
1111010 0
1111011 0
1111100 0
1111101 0
1111110 0
1111111 1
.names 118 109 108 105 87 113
00000 1
00001 0
00010 0
00011 1
00100 0
00101 1
00110 1
00111 1
01000 0
01001 1
01010 1
01011 1
01100 1
01101 1
01110 1
01111 1
10000 0
10001 1
10010 1
10011 1
10100 1
10101 1
10110 1
10111 1
11000 1
11001 1
11010 1
11011 1
11100 1
11101 1
11110 1
11111 1
.names 109 22 27 19
000 1
001 1
010 1
011 1
100 1
101 1
110 1
111 0
.names 63 26 138 87 25
0000 1
0001 1
0010 1
0011 1
0100 1
0101 1
0110 1
0111 1
1000 1
1001 1
1010 1
1011 1
1100 1
1101 1
1110 1
1111 0
.names 0 93 30
00 0
01 0
10 0
11 1
.names 112 142 25 32
000 0
001 1
010 1
011 1
100 1
101 1
110 1
111 1
.names 56 120 21 104 30 36
00000 1
00001 1
00010 1
00011 1
00100 1
00101 1
00110 1
00111 1
01000 1
01001 1
01010 1
01011 1
01100 1
01101 1
01110 1
01111 1
10000 1
10001 1
10010 1
10011 1
10100 1
10101 1
10110 1
10111 1
11000 1
11001 1
11010 1
11011 1
11100 1
11101 1
11110 1
11111 0
.names 130 37 30 36 39
0000 0
0001 1
0010 1
0011 1
0100 1
0101 1
0110 1
0111 1
1000 1
1001 1
1010 1
1011 1
1100 1
1101 1
1110 1
1111 1
.names 84 72 32 71
000 1
001 0
010 0
011 1
100 0
101 1
110 1
111 1
.names 95 142 12 93 86
0000 0
0001 0
0010 0
0011 0
0100 0
0101 0
0110 0
0111 0
1000 0
1001 0
1010 0
1011 0
1100 0
1101 0
1110 0
1111 1
.names 24 5 86 91
000 1
001 0
010 0
011 1
100 0
101 1
110 1
111 1
.names 89 86 98
00 1
01 0
10 0
11 1
.names 90 100 101 89 86 99
00000 0
00001 0
00010 0
00011 0
00100 0
00101 0
00110 0
00111 0
01000 0
01001 0
01010 0
01011 0
01100 0
01101 0
01110 0
01111 0
10000 0
10001 0
10010 0
10011 0
10100 0
10101 0
10110 0
10111 0
11000 0
11001 0
11010 0
11011 0
11100 0
11101 0
11110 0
11111 1
.names 134 79 110 99 102
0000 1
0001 1
0010 1
0011 1
0100 1
0101 1
0110 1
0111 1
1000 1
1001 1
1010 1
1011 1
1100 1
1101 1
1110 1
1111 0
.names 127 4 86 133
000 0
001 1
010 1
011 1
100 1
101 1
110 1
111 1
.names 49 138 30 135
000 0
001 0
010 0
011 0
100 0
101 0
110 0
111 1
.names 24 65 1 132 36 28
00000 0
00001 1
00010 1
00011 0
00100 1
00101 0
00110 0
00111 0
01000 1
01001 0
01010 0
01011 0
01100 0
01101 0
01110 0
01111 0
10000 1
10001 0
10010 0
10011 0
10100 0
10101 0
10110 0
10111 0
11000 0
11001 0
11010 0
11011 0
11100 0
11101 0
11110 0
11111 0
.names 65 48 99 40
000 1
001 1
010 1
011 1
100 1
101 1
110 1
111 0
.names 91 85
0 1
1 0
.names 137 120 126 87 98 97
00000 1
00001 1
00010 1
00011 1
00100 1
00101 1
00110 1
00111 1
01000 1
01001 1
01010 1
01011 1
01100 1
01101 1
01110 1
01111 1
10000 1
10001 1
10010 1
10011 1
10100 1
10101 1
10110 1
10111 1
11000 1
11001 1
11010 1
11011 1
11100 1
11101 1
11110 1
11111 0
.names 90 130 6 27 87 135 40 38
0000000 0
0000001 1
0000010 1
0000011 0
0000100 1
0000101 0
0000110 0
0000111 0
0001000 1
0001001 0
0001010 0
0001011 0
0001100 0
0001101 0
0001110 0
0001111 0
0010000 1
0010001 0
0010010 0
0010011 0
0010100 0
0010101 0
0010110 0
0010111 0
0011000 0
0011001 0
0011010 0
0011011 0
0011100 0
0011101 0
0011110 0
0011111 0
0100000 1
0100001 0
0100010 0
0100011 0
0100100 0
0100101 0
0100110 0
0100111 0
0101000 0
0101001 0
0101010 0
0101011 0
0101100 0
0101101 0
0101110 0
0101111 0
0110000 0
0110001 0
0110010 0
0110011 0
0110100 0
0110101 0
0110110 0
0110111 0
0111000 0
0111001 0
0111010 0
0111011 0
0111100 0
0111101 0
0111110 0
0111111 0
1000000 1
1000001 0
1000010 0
1000011 0
1000100 0
1000101 0
1000110 0
1000111 0
1001000 0
1001001 0
1001010 0
1001011 0
1001100 0
1001101 0
1001110 0
1001111 0
1010000 0
1010001 0
1010010 0
1010011 0
1010100 0
1010101 0
1010110 0
1010111 0
1011000 0
1011001 0
1011010 0
1011011 0
1011100 0
1011101 0
1011110 0
1011111 0
1100000 0
1100001 0
1100010 0
1100011 0
1100100 0
1100101 0
1100110 0
1100111 0
1101000 0
1101001 0
1101010 0
1101011 0
1101100 0
1101101 0
1101110 0
1101111 0
1110000 0
1110001 0
1110010 0
1110011 0
1110100 0
1110101 0
1110110 0
1110111 0
1111000 0
1111001 0
1111010 0
1111011 0
1111100 0
1111101 0
1111110 0
1111111 0
.names 65 96 103 56 69 57 38 59
0000000 0
0000001 0
0000010 0
0000011 0
0000100 0
0000101 0
0000110 0
0000111 0
0001000 0
0001001 0
0001010 0
0001011 0
0001100 0
0001101 0
0001110 0
0001111 0
0010000 0
0010001 0
0010010 0
0010011 0
0010100 0
0010101 0
0010110 0
0010111 0
0011000 0
0011001 0
0011010 0
0011011 0
0011100 0
0011101 0
0011110 0
0011111 0
0100000 0
0100001 0
0100010 0
0100011 0
0100100 0
0100101 0
0100110 0
0100111 0
0101000 0
0101001 0
0101010 0
0101011 0
0101100 0
0101101 0
0101110 0
0101111 0
0110000 0
0110001 0
0110010 0
0110011 0
0110100 0
0110101 0
0110110 0
0110111 0
0111000 0
0111001 0
0111010 0
0111011 0
0111100 0
0111101 0
0111110 0
0111111 0
1000000 0
1000001 0
1000010 0
1000011 0
1000100 0
1000101 0
1000110 0
1000111 0
1001000 0
1001001 0
1001010 0
1001011 0
1001100 0
1001101 0
1001110 0
1001111 0
1010000 0
1010001 0
1010010 0
1010011 0
1010100 0
1010101 0
1010110 0
1010111 0
1011000 0
1011001 0
1011010 0
1011011 0
1011100 0
1011101 0
1011110 0
1011111 0
1100000 0
1100001 0
1100010 0
1100011 0
1100100 0
1100101 0
1100110 0
1100111 0
1101000 0
1101001 0
1101010 0
1101011 0
1101100 0
1101101 0
1101110 0
1101111 0
1110000 0
1110001 0
1110010 0
1110011 0
1110100 0
1110101 0
1110110 0
1110111 0
1111000 0
1111001 0
1111010 0
1111011 0
1111100 0
1111101 0
1111110 0
1111111 1
.names 49 19 97 92
000 0
001 0
010 0
011 0
100 0
101 0
110 0
111 1
.names 104 105 72 59 124
0000 0
0001 1
0010 1
0011 1
0100 1
0101 1
0110 1
0111 1
1000 1
1001 1
1010 1
1011 1
1100 1
1101 1
1110 1
1111 1
.names 15 96 124 2
000 1
001 1
010 1
011 1
100 1
101 1
110 1
111 0
.names 118 16 108 20 28 38 17
000000 0
000001 1
000010 1
000011 1
000100 1
000101 1
000110 1
000111 1
001000 1
001001 1
001010 1
001011 1
001100 1
001101 1
001110 1
001111 1
010000 1
010001 1
010010 1
010011 1
010100 1
010101 1
010110 1
010111 1
011000 1
011001 1
011010 1
011011 1
011100 1
011101 1
011110 1
011111 1
100000 1
100001 1
100010 1
100011 1
100100 1
100101 1
100110 1
100111 1
101000 1
101001 1
101010 1
101011 1
101100 1
101101 1
101110 1
101111 1
110000 1
110001 1
110010 1
110011 1
110100 1
110101 1
110110 1
110111 1
111000 1
111001 1
111010 1
111011 1
111100 1
111101 1
111110 1
111111 1
.names 39 28 38 23
000 1
001 0
010 0
011 0
100 0
101 0
110 0
111 0
.names 124 31
0 1
1 0
.names 67 73 17 44
000 0
001 0
010 0
011 0
100 0
101 0
110 0
111 1
.names 62 103 118 61 4 46 116 141 59 58
000000000 1
000000001 1
000000010 1
000000011 1
000000100 1
000000101 1
000000110 1
000000111 1
000001000 1
000001001 1
000001010 1
000001011 1
000001100 1
000001101 1
000001110 1
000001111 1
000010000 1
000010001 1
000010010 1
000010011 1
000010100 1
000010101 1
000010110 1
000010111 1
000011000 1
000011001 1
000011010 1
000011011 1
000011100 1
000011101 1
000011110 1
000011111 1
000100000 1
000100001 1
000100010 1
000100011 1
000100100 1
000100101 1
000100110 1
000100111 1
000101000 1
000101001 1
000101010 1
000101011 1
000101100 1
000101101 1
000101110 1
000101111 1
000110000 1
000110001 1
000110010 1
000110011 1
000110100 1
000110101 1
000110110 1
000110111 1
000111000 1
000111001 1
000111010 1
000111011 1
000111100 1
000111101 1
000111110 1
000111111 1
001000000 1
001000001 1
001000010 1
001000011 1
001000100 1
001000101 1
001000110 1
001000111 1
001001000 1
001001001 1
001001010 1
001001011 1
001001100 1
001001101 1
001001110 1
001001111 1
001010000 1
001010001 1
001010010 1
001010011 1
001010100 1
001010101 1
001010110 1
001010111 1
001011000 1
001011001 1
001011010 1
001011011 1
001011100 1
001011101 1
001011110 1
001011111 1
001100000 1
001100001 1
001100010 1
001100011 1
001100100 1
001100101 1
001100110 1
001100111 1
001101000 1
001101001 1
001101010 1
001101011 1
001101100 1
001101101 1
001101110 1
001101111 1
001110000 1
001110001 1
001110010 1
001110011 1
001110100 1
001110101 1
001110110 1
001110111 1
001111000 1
001111001 1
001111010 1
001111011 1
001111100 1
001111101 1
001111110 1
001111111 1
010000000 1
010000001 1
010000010 1
010000011 1
010000100 1
010000101 1
010000110 1
010000111 1
010001000 1
010001001 1
010001010 1
010001011 1
010001100 1
010001101 1
010001110 1
010001111 1
010010000 1
010010001 1
010010010 1
010010011 1
010010100 1
010010101 1
010010110 1
010010111 1
010011000 1
010011001 1
010011010 1
010011011 1
010011100 1
010011101 1
010011110 1
010011111 1
010100000 1
010100001 1
010100010 1
010100011 1
010100100 1
010100101 1
010100110 1
010100111 1
010101000 1
010101001 1
010101010 1
010101011 1
010101100 1
010101101 1
010101110 1
010101111 1
010110000 1
010110001 1
010110010 1
010110011 1
010110100 1
010110101 1
010110110 1
010110111 1
010111000 1
010111001 1
010111010 1
010111011 1
010111100 1
010111101 1
010111110 1
010111111 1
011000000 1
011000001 1
011000010 1
011000011 1
011000100 1
011000101 1
011000110 1
011000111 1
011001000 1
011001001 1
011001010 1
011001011 1
011001100 1
011001101 1
011001110 1
011001111 1
011010000 1
011010001 1
011010010 1
011010011 1
011010100 1
011010101 1
011010110 1
011010111 1
011011000 1
011011001 1
011011010 1
011011011 1
011011100 1
011011101 1
011011110 1
011011111 1
011100000 1
011100001 1
011100010 1
011100011 1
011100100 1
011100101 1
011100110 1
011100111 1
011101000 1
011101001 1
011101010 1
011101011 1
011101100 1
011101101 1
011101110 1
011101111 1
011110000 1
011110001 1
011110010 1
011110011 1
011110100 1
011110101 1
011110110 1
011110111 1
011111000 1
011111001 1
011111010 1
011111011 1
011111100 1
011111101 1
011111110 1
011111111 1
100000000 1
100000001 1
100000010 1
100000011 1
100000100 1
100000101 1
100000110 1
100000111 1
100001000 1
100001001 1
100001010 1
100001011 1
100001100 1
100001101 1
100001110 1
100001111 1
100010000 1
100010001 1
100010010 1
100010011 1
100010100 1
100010101 1
100010110 1
100010111 1
100011000 1
100011001 1
100011010 1
100011011 1
100011100 1
100011101 1
100011110 1
100011111 1
100100000 1
100100001 1
100100010 1
100100011 1
100100100 1
100100101 1
100100110 1
100100111 1
100101000 1
100101001 1
100101010 1
100101011 1
100101100 1
100101101 1
100101110 1
100101111 1
100110000 1
100110001 1
100110010 1
100110011 1
100110100 1
100110101 1
100110110 1
100110111 1
100111000 1
100111001 1
100111010 1
100111011 1
100111100 1
100111101 1
100111110 1
100111111 1
101000000 1
101000001 1
101000010 1
101000011 1
101000100 1
101000101 1
101000110 1
101000111 1
101001000 1
101001001 1
101001010 1
101001011 1
101001100 1
101001101 1
101001110 1
101001111 1
101010000 1
101010001 1
101010010 1
101010011 1
101010100 1
101010101 1
101010110 1
101010111 1
101011000 1
101011001 1
101011010 1
101011011 1
101011100 1
101011101 1
101011110 1
101011111 1
101100000 1
101100001 1
101100010 1
101100011 1
101100100 1
101100101 1
101100110 1
101100111 1
101101000 1
101101001 1
101101010 1
101101011 1
101101100 1
101101101 1
101101110 1
101101111 1
101110000 1
101110001 1
101110010 1
101110011 1
101110100 1
101110101 1
101110110 1
101110111 1
101111000 1
101111001 1
101111010 1
101111011 1
101111100 1
101111101 1
101111110 1
101111111 1
110000000 1
110000001 1
110000010 1
110000011 1
110000100 1
110000101 1
110000110 1
110000111 1
110001000 1
110001001 1
110001010 1
110001011 1
110001100 1
110001101 1
110001110 1
110001111 1
110010000 1
110010001 1
110010010 1
110010011 1
110010100 1
110010101 1
110010110 1
110010111 1
110011000 1
110011001 1
110011010 1
110011011 1
110011100 1
110011101 1
110011110 1
110011111 1
110100000 1
110100001 1
110100010 1
110100011 1
110100100 1
110100101 1
110100110 1
110100111 1
110101000 1
110101001 1
110101010 1
110101011 1
110101100 1
110101101 1
110101110 1
110101111 1
110110000 1
110110001 1
110110010 1
110110011 1
110110100 1
110110101 1
110110110 1
110110111 1
110111000 1
110111001 1
110111010 1
110111011 1
110111100 1
110111101 1
110111110 1
110111111 1
111000000 1
111000001 1
111000010 1
111000011 1
111000100 1
111000101 1
111000110 1
111000111 1
111001000 1
111001001 1
111001010 1
111001011 1
111001100 1
111001101 1
111001110 1
111001111 1
111010000 1
111010001 1
111010010 1
111010011 1
111010100 1
111010101 1
111010110 1
111010111 1
111011000 1
111011001 1
111011010 1
111011011 1
111011100 1
111011101 1
111011110 1
111011111 1
111100000 1
111100001 1
111100010 1
111100011 1
111100100 1
111100101 1
111100110 1
111100111 1
111101000 1
111101001 1
111101010 1
111101011 1
111101100 1
111101101 1
111101110 1
111101111 1
111110000 1
111110001 1
111110010 1
111110011 1
111110100 1
111110101 1
111110110 1
111110111 1
111111000 1
111111001 1
111111010 1
111111011 1
111111100 1
111111101 1
111111110 1
111111111 0
.names 56 4 57 2 60
0000 1
0001 0
0010 0
0011 1
0100 0
0101 1
0110 1
0111 1
1000 0
1001 1
1010 1
1011 1
1100 1
1101 1
1110 1
1111 1
.names 62 73 44 64
000 0
001 1
010 1
011 1
100 1
101 1
110 1
111 1
.names 140 145 146 134 79 138 99 38 59 124 31 136
00000000000 1
00000000001 1
00000000010 1
00000000011 1
00000000100 1
00000000101 1
00000000110 1
00000000111 1
00000001000 1
00000001001 1
00000001010 1
00000001011 1
00000001100 1
00000001101 1
00000001110 1
00000001111 1
00000010000 1
00000010001 1
00000010010 1
00000010011 1
00000010100 1
00000010101 1
00000010110 1
00000010111 1
00000011000 1
00000011001 1
00000011010 1
00000011011 1
00000011100 1
00000011101 1
00000011110 1
00000011111 1
00000100000 1
00000100001 1
00000100010 1
00000100011 1
00000100100 1
00000100101 1
00000100110 1
00000100111 1
00000101000 1
00000101001 1
00000101010 1
00000101011 1
00000101100 1
00000101101 1
00000101110 1
00000101111 1
00000110000 1
00000110001 1
00000110010 1
00000110011 1
00000110100 1
00000110101 1
00000110110 1
00000110111 1
00000111000 1
00000111001 1
00000111010 1
00000111011 1
00000111100 1
00000111101 1
00000111110 1
00000111111 1
00001000000 1
00001000001 1
00001000010 1
00001000011 1
00001000100 1
00001000101 1
00001000110 1
00001000111 1
00001001000 1
00001001001 1
00001001010 1
00001001011 1
00001001100 1
00001001101 1
00001001110 1
00001001111 1
00001010000 1
00001010001 1
00001010010 1
00001010011 1
00001010100 1
00001010101 1
00001010110 1
00001010111 1
00001011000 1
00001011001 1
00001011010 1
00001011011 1
00001011100 1
00001011101 1
00001011110 1
00001011111 1
00001100000 1
00001100001 1
00001100010 1
00001100011 1
00001100100 1
00001100101 1
00001100110 1
00001100111 1
00001101000 1
00001101001 1
00001101010 1
00001101011 1
00001101100 1
00001101101 1
00001101110 1
00001101111 1
00001110000 1
00001110001 1
00001110010 1
00001110011 1
00001110100 1
00001110101 1
00001110110 1
00001110111 1
00001111000 1
00001111001 1
00001111010 1
00001111011 1
00001111100 1
00001111101 1
00001111110 1
00001111111 1
00010000000 1
00010000001 1
00010000010 1
00010000011 1
00010000100 1
00010000101 1
00010000110 1
00010000111 1
00010001000 1
00010001001 1
00010001010 1
00010001011 1
00010001100 1
00010001101 1
00010001110 1
00010001111 1
00010010000 1
00010010001 1
00010010010 1
00010010011 1
00010010100 1
00010010101 1
00010010110 1
00010010111 1
00010011000 1
00010011001 1
00010011010 1
00010011011 1
00010011100 1
00010011101 1
00010011110 1
00010011111 1
00010100000 1
00010100001 1
00010100010 1
00010100011 1
00010100100 1
00010100101 1
00010100110 1
00010100111 1
00010101000 1
00010101001 1
00010101010 1
00010101011 1
00010101100 1
00010101101 1
00010101110 1
00010101111 1
00010110000 1
00010110001 1
00010110010 1
00010110011 1
00010110100 1
00010110101 1
00010110110 1
00010110111 1
00010111000 1
00010111001 1
00010111010 1
00010111011 1
00010111100 1
00010111101 1
00010111110 1
00010111111 1
00011000000 1
00011000001 1
00011000010 1
00011000011 1
00011000100 1
00011000101 1
00011000110 1
00011000111 1
00011001000 1
00011001001 1
00011001010 1
00011001011 1
00011001100 1
00011001101 1
00011001110 1
00011001111 1
00011010000 1
00011010001 1
00011010010 1
00011010011 1
00011010100 1
00011010101 1
00011010110 1
00011010111 1
00011011000 1
00011011001 1
00011011010 1
00011011011 1
00011011100 1
00011011101 1
00011011110 1
00011011111 1
00011100000 1
00011100001 1
00011100010 1
00011100011 1
00011100100 1
00011100101 1
00011100110 1
00011100111 1
00011101000 1
00011101001 1
00011101010 1
00011101011 1
00011101100 1
00011101101 1
00011101110 1
00011101111 1
00011110000 1
00011110001 1
00011110010 1
00011110011 1
00011110100 1
00011110101 1
00011110110 1
00011110111 1
00011111000 1
00011111001 1
00011111010 1
00011111011 1
00011111100 1
00011111101 1
00011111110 1
00011111111 1
00100000000 1
00100000001 1
00100000010 1
00100000011 1
00100000100 1
00100000101 1
00100000110 1
00100000111 1
00100001000 1
00100001001 1
00100001010 1
00100001011 1
00100001100 1
00100001101 1
00100001110 1
00100001111 1
00100010000 1
00100010001 1
00100010010 1
00100010011 1
00100010100 1
00100010101 1
00100010110 1
00100010111 1
00100011000 1
00100011001 1
00100011010 1
00100011011 1
00100011100 1
00100011101 1
00100011110 1
00100011111 1
00100100000 1
00100100001 1
00100100010 1
00100100011 1
00100100100 1
00100100101 1
00100100110 1
00100100111 1
00100101000 1
00100101001 1
00100101010 1
00100101011 1
00100101100 1
00100101101 1
00100101110 1
00100101111 1
00100110000 1
00100110001 1
00100110010 1
00100110011 1
00100110100 1
00100110101 1
00100110110 1
00100110111 1
00100111000 1
00100111001 1
00100111010 1
00100111011 1
00100111100 1
00100111101 1
00100111110 1
00100111111 1
00101000000 1
00101000001 1
00101000010 1
00101000011 1
00101000100 1
00101000101 1
00101000110 1
00101000111 1
00101001000 1
00101001001 1
00101001010 1
00101001011 1
00101001100 1
00101001101 1
00101001110 1
00101001111 1
00101010000 1
00101010001 1
00101010010 1
00101010011 1
00101010100 1
00101010101 1
00101010110 1
00101010111 1
00101011000 1
00101011001 1
00101011010 1
00101011011 1
00101011100 1
00101011101 1
00101011110 1
00101011111 1
00101100000 1
00101100001 1
00101100010 1
00101100011 1
00101100100 1
00101100101 1
00101100110 1
00101100111 1
00101101000 1
00101101001 1
00101101010 1
00101101011 1
00101101100 1
00101101101 1
00101101110 1
00101101111 1
00101110000 1
00101110001 1
00101110010 1
00101110011 1
00101110100 1
00101110101 1
00101110110 1
00101110111 1
00101111000 1
00101111001 1
00101111010 1
00101111011 1
00101111100 1
00101111101 1
00101111110 1
00101111111 1
00110000000 1
00110000001 1
00110000010 1
00110000011 1
00110000100 1
00110000101 1
00110000110 1
00110000111 1
00110001000 1
00110001001 1
00110001010 1
00110001011 1
00110001100 1
00110001101 1
00110001110 1
00110001111 1
00110010000 1
00110010001 1
00110010010 1
00110010011 1
00110010100 1
00110010101 1
00110010110 1
00110010111 1
00110011000 1
00110011001 1
00110011010 1
00110011011 1
00110011100 1
00110011101 1
00110011110 1
00110011111 1
00110100000 1
00110100001 1
00110100010 1
00110100011 1
00110100100 1
00110100101 1
00110100110 1
00110100111 1
00110101000 1
00110101001 1
00110101010 1
00110101011 1
00110101100 1
00110101101 1
00110101110 1
00110101111 1
00110110000 1
00110110001 1
00110110010 1
00110110011 1
00110110100 1
00110110101 1
00110110110 1
00110110111 1
00110111000 1
00110111001 1
00110111010 1
00110111011 1
00110111100 1
00110111101 1
00110111110 1
00110111111 1
00111000000 1
00111000001 1
00111000010 1
00111000011 1
00111000100 1
00111000101 1
00111000110 1
00111000111 1
00111001000 1
00111001001 1
00111001010 1
00111001011 1
00111001100 1
00111001101 1
00111001110 1
00111001111 1
00111010000 1
00111010001 1
00111010010 1
00111010011 1
00111010100 1
00111010101 1
00111010110 1
00111010111 1
00111011000 1
00111011001 1
00111011010 1
00111011011 1
00111011100 1
00111011101 1
00111011110 1
00111011111 1
00111100000 1
00111100001 1
00111100010 1
00111100011 1
00111100100 1
00111100101 1
00111100110 1
00111100111 1
00111101000 1
00111101001 1
00111101010 1
00111101011 1
00111101100 1
00111101101 1
00111101110 1
00111101111 1
00111110000 1
00111110001 1
00111110010 1
00111110011 1
00111110100 1
00111110101 1
00111110110 1
00111110111 1
00111111000 1
00111111001 1
00111111010 1
00111111011 1
00111111100 1
00111111101 1
00111111110 1
00111111111 1
01000000000 1
01000000001 1
01000000010 1
01000000011 1
01000000100 1
01000000101 1
01000000110 1
01000000111 1
01000001000 1
01000001001 1
01000001010 1
01000001011 1
01000001100 1
01000001101 1
01000001110 1
01000001111 1
01000010000 1
01000010001 1
01000010010 1
01000010011 1
01000010100 1
01000010101 1
01000010110 1
01000010111 1
01000011000 1
01000011001 1
01000011010 1
01000011011 1
01000011100 1
01000011101 1
01000011110 1
01000011111 1
01000100000 1
01000100001 1
01000100010 1
01000100011 1
01000100100 1
01000100101 1
01000100110 1
01000100111 1
01000101000 1
01000101001 1
01000101010 1
01000101011 1
01000101100 1
01000101101 1
01000101110 1
01000101111 1
01000110000 1
01000110001 1
01000110010 1
01000110011 1
01000110100 1
01000110101 1
01000110110 1
01000110111 1
01000111000 1
01000111001 1
01000111010 1
01000111011 1
01000111100 1
01000111101 1
01000111110 1
01000111111 1
01001000000 1
01001000001 1
01001000010 1
01001000011 1
01001000100 1
01001000101 1
01001000110 1
01001000111 1
01001001000 1
01001001001 1
01001001010 1
01001001011 1
01001001100 1
01001001101 1
01001001110 1
01001001111 1
01001010000 1
01001010001 1
01001010010 1
01001010011 1
01001010100 1
01001010101 1
01001010110 1
01001010111 1
01001011000 1
01001011001 1
01001011010 1
01001011011 1
01001011100 1
01001011101 1
01001011110 1
01001011111 1
01001100000 1
01001100001 1
01001100010 1
01001100011 1
01001100100 1
01001100101 1
01001100110 1
01001100111 1
01001101000 1
01001101001 1
01001101010 1
01001101011 1
01001101100 1
01001101101 1
01001101110 1
01001101111 1
01001110000 1
01001110001 1
01001110010 1
01001110011 1
01001110100 1
01001110101 1
01001110110 1
01001110111 1
01001111000 1
01001111001 1
01001111010 1
01001111011 1
01001111100 1
01001111101 1
01001111110 1
01001111111 1
01010000000 1
01010000001 1
01010000010 1
01010000011 1
01010000100 1
01010000101 1
01010000110 1
01010000111 1
01010001000 1
01010001001 1
01010001010 1
01010001011 1
01010001100 1
01010001101 1
01010001110 1
01010001111 1
01010010000 1
01010010001 1
01010010010 1
01010010011 1
01010010100 1
01010010101 1
01010010110 1
01010010111 1
01010011000 1
01010011001 1
01010011010 1
01010011011 1
01010011100 1
01010011101 1
01010011110 1
01010011111 1
01010100000 1
01010100001 1
01010100010 1
01010100011 1
01010100100 1
01010100101 1
01010100110 1
01010100111 1
01010101000 1
01010101001 1
01010101010 1
01010101011 1
01010101100 1
01010101101 1
01010101110 1
01010101111 1
01010110000 1
01010110001 1
01010110010 1
01010110011 1
01010110100 1
01010110101 1
01010110110 1
01010110111 1
01010111000 1
01010111001 1
01010111010 1
01010111011 1
01010111100 1
01010111101 1
01010111110 1
01010111111 1
01011000000 1
01011000001 1
01011000010 1
01011000011 1
01011000100 1
01011000101 1
01011000110 1
01011000111 1
01011001000 1
01011001001 1
01011001010 1
01011001011 1
01011001100 1
01011001101 1
01011001110 1
01011001111 1
01011010000 1
01011010001 1
01011010010 1
01011010011 1
01011010100 1
01011010101 1
01011010110 1
01011010111 1
01011011000 1
01011011001 1
01011011010 1
01011011011 1
01011011100 1
01011011101 1
01011011110 1
01011011111 1
01011100000 1
01011100001 1
01011100010 1
01011100011 1
01011100100 1
01011100101 1
01011100110 1
01011100111 1
01011101000 1
01011101001 1
01011101010 1
01011101011 1
01011101100 1
01011101101 1
01011101110 1
01011101111 1
01011110000 1
01011110001 1
01011110010 1
01011110011 1
01011110100 1
01011110101 1
01011110110 1
01011110111 1
01011111000 1
01011111001 1
01011111010 1
01011111011 1
01011111100 1
01011111101 1
01011111110 1
01011111111 1
01100000000 1
01100000001 1
01100000010 1
01100000011 1
01100000100 1
01100000101 1
01100000110 1
01100000111 1
01100001000 1
01100001001 1
01100001010 1
01100001011 1
01100001100 1
01100001101 1
01100001110 1
01100001111 1
01100010000 1
01100010001 1
01100010010 1
01100010011 1
01100010100 1
01100010101 1
01100010110 1
01100010111 1
01100011000 1
01100011001 1
01100011010 1
01100011011 1
01100011100 1
01100011101 1
01100011110 1
01100011111 1
01100100000 1
01100100001 1
01100100010 1
01100100011 1
01100100100 1
01100100101 1
01100100110 1
01100100111 1
01100101000 1
01100101001 1
01100101010 1
01100101011 1
01100101100 1
01100101101 1
01100101110 1
01100101111 1
01100110000 1
01100110001 1
01100110010 1
01100110011 1
01100110100 1
01100110101 1
01100110110 1
01100110111 1
01100111000 1
01100111001 1
01100111010 1
01100111011 1
01100111100 1
01100111101 1
01100111110 1
01100111111 1
01101000000 1
01101000001 1
01101000010 1
01101000011 1
01101000100 1
01101000101 1
01101000110 1
01101000111 1
01101001000 1
01101001001 1
01101001010 1
01101001011 1
01101001100 1
01101001101 1
01101001110 1
01101001111 1
01101010000 1
01101010001 1
01101010010 1
01101010011 1
01101010100 1
01101010101 1
01101010110 1
01101010111 1
01101011000 1
01101011001 1
01101011010 1
01101011011 1
01101011100 1
01101011101 1
01101011110 1
01101011111 1
01101100000 1
01101100001 1
01101100010 1
01101100011 1
01101100100 1
01101100101 1
01101100110 1
01101100111 1
01101101000 1
01101101001 1
01101101010 1
01101101011 1
01101101100 1
01101101101 1
01101101110 1
01101101111 1
01101110000 1
01101110001 1
01101110010 1
01101110011 1
01101110100 1
01101110101 1
01101110110 1
01101110111 1
01101111000 1
01101111001 1
01101111010 1
01101111011 1
01101111100 1
01101111101 1
01101111110 1
01101111111 1
01110000000 1
01110000001 1
01110000010 1
01110000011 1
01110000100 1
01110000101 1
01110000110 1
01110000111 1
01110001000 1
01110001001 1
01110001010 1
01110001011 1
01110001100 1
01110001101 1
01110001110 1
01110001111 1
01110010000 1
01110010001 1
01110010010 1
01110010011 1
01110010100 1
01110010101 1
01110010110 1
01110010111 1
01110011000 1
01110011001 1
01110011010 1
01110011011 1
01110011100 1
01110011101 1
01110011110 1
01110011111 1
01110100000 1
01110100001 1
01110100010 1
01110100011 1
01110100100 1
01110100101 1
01110100110 1
01110100111 1
01110101000 1
01110101001 1
01110101010 1
01110101011 1
01110101100 1
01110101101 1
01110101110 1
01110101111 1
01110110000 1
01110110001 1
01110110010 1
01110110011 1
01110110100 1
01110110101 1
01110110110 1
01110110111 1
01110111000 1
01110111001 1
01110111010 1
01110111011 1
01110111100 1
01110111101 1
01110111110 1
01110111111 1
01111000000 1
01111000001 1
01111000010 1
01111000011 1
01111000100 1
01111000101 1
01111000110 1
01111000111 1
01111001000 1
01111001001 1
01111001010 1
01111001011 1
01111001100 1
01111001101 1
01111001110 1
01111001111 1
01111010000 1
01111010001 1
01111010010 1
01111010011 1
01111010100 1
01111010101 1
01111010110 1
01111010111 1
01111011000 1
01111011001 1
01111011010 1
01111011011 1
01111011100 1
01111011101 1
01111011110 1
01111011111 1
01111100000 1
01111100001 1
01111100010 1
01111100011 1
01111100100 1
01111100101 1
01111100110 1
01111100111 1
01111101000 1
01111101001 1
01111101010 1
01111101011 1
01111101100 1
01111101101 1
01111101110 1
01111101111 1
01111110000 1
01111110001 1
01111110010 1
01111110011 1
01111110100 1
01111110101 1
01111110110 1
01111110111 1
01111111000 1
01111111001 1
01111111010 1
01111111011 1
01111111100 1
01111111101 1
01111111110 1
01111111111 1
10000000000 1
10000000001 1
10000000010 1
10000000011 1
10000000100 1
10000000101 1
10000000110 1
10000000111 1
10000001000 1
10000001001 1
10000001010 1
10000001011 1
10000001100 1
10000001101 1
10000001110 1
10000001111 1
10000010000 1
10000010001 1
10000010010 1
10000010011 1
10000010100 1
10000010101 1
10000010110 1
10000010111 1
10000011000 1
10000011001 1
10000011010 1
10000011011 1
10000011100 1
10000011101 1
10000011110 1
10000011111 1
10000100000 1
10000100001 1
10000100010 1
10000100011 1
10000100100 1
10000100101 1
10000100110 1
10000100111 1
10000101000 1
10000101001 1
10000101010 1
10000101011 1
10000101100 1
10000101101 1
10000101110 1
10000101111 1
10000110000 1
10000110001 1
10000110010 1
10000110011 1
10000110100 1
10000110101 1
10000110110 1
10000110111 1
10000111000 1
10000111001 1
10000111010 1
10000111011 1
10000111100 1
10000111101 1
10000111110 1
10000111111 1
10001000000 1
10001000001 1
10001000010 1
10001000011 1
10001000100 1
10001000101 1
10001000110 1
10001000111 1
10001001000 1
10001001001 1
10001001010 1
10001001011 1
10001001100 1
10001001101 1
10001001110 1
10001001111 1
10001010000 1
10001010001 1
10001010010 1
10001010011 1
10001010100 1
10001010101 1
10001010110 1
10001010111 1
10001011000 1
10001011001 1
10001011010 1
10001011011 1
10001011100 1
10001011101 1
10001011110 1
10001011111 1
10001100000 1
10001100001 1
10001100010 1
10001100011 1
10001100100 1
10001100101 1
10001100110 1
10001100111 1
10001101000 1
10001101001 1
10001101010 1
10001101011 1
10001101100 1
10001101101 1
10001101110 1
10001101111 1
10001110000 1
10001110001 1
10001110010 1
10001110011 1
10001110100 1
10001110101 1
10001110110 1
10001110111 1
10001111000 1
10001111001 1
10001111010 1
10001111011 1
10001111100 1
10001111101 1
10001111110 1
10001111111 1
10010000000 1
10010000001 1
10010000010 1
10010000011 1
10010000100 1
10010000101 1
10010000110 1
10010000111 1
10010001000 1
10010001001 1
10010001010 1
10010001011 1
10010001100 1
10010001101 1
10010001110 1
10010001111 1
10010010000 1
10010010001 1
10010010010 1
10010010011 1
10010010100 1
10010010101 1
10010010110 1
10010010111 1
10010011000 1
10010011001 1
10010011010 1
10010011011 1
10010011100 1
10010011101 1
10010011110 1
10010011111 1
10010100000 1
10010100001 1
10010100010 1
10010100011 1
10010100100 1
10010100101 1
10010100110 1
10010100111 1
10010101000 1
10010101001 1
10010101010 1
10010101011 1
10010101100 1
10010101101 1
10010101110 1
10010101111 1
10010110000 1
10010110001 1
10010110010 1
10010110011 1
10010110100 1
10010110101 1
10010110110 1
10010110111 1
10010111000 1
10010111001 1
10010111010 1
10010111011 1
10010111100 1
10010111101 1
10010111110 1
10010111111 1
10011000000 1
10011000001 1
10011000010 1
10011000011 1
10011000100 1
10011000101 1
10011000110 1
10011000111 1
10011001000 1
10011001001 1
10011001010 1
10011001011 1
10011001100 1
10011001101 1
10011001110 1
10011001111 1
10011010000 1
10011010001 1
10011010010 1
10011010011 1
10011010100 1
10011010101 1
10011010110 1
10011010111 1
10011011000 1
10011011001 1
10011011010 1
10011011011 1
10011011100 1
10011011101 1
10011011110 1
10011011111 1
10011100000 1
10011100001 1
10011100010 1
10011100011 1
10011100100 1
10011100101 1
10011100110 1
10011100111 1
10011101000 1
10011101001 1
10011101010 1
10011101011 1
10011101100 1
10011101101 1
10011101110 1
10011101111 1
10011110000 1
10011110001 1
10011110010 1
10011110011 1
10011110100 1
10011110101 1
10011110110 1
10011110111 1
10011111000 1
10011111001 1
10011111010 1
10011111011 1
10011111100 1
10011111101 1
10011111110 1
10011111111 1
10100000000 1
10100000001 1
10100000010 1
10100000011 1
10100000100 1
10100000101 1
10100000110 1
10100000111 1
10100001000 1
10100001001 1
10100001010 1
10100001011 1
10100001100 1
10100001101 1
10100001110 1
10100001111 1
10100010000 1
10100010001 1
10100010010 1
10100010011 1
10100010100 1
10100010101 1
10100010110 1
10100010111 1
10100011000 1
10100011001 1
10100011010 1
10100011011 1
10100011100 1
10100011101 1
10100011110 1
10100011111 1
10100100000 1
10100100001 1
10100100010 1
10100100011 1
10100100100 1
10100100101 1
10100100110 1
10100100111 1
10100101000 1
10100101001 1
10100101010 1
10100101011 1
10100101100 1
10100101101 1
10100101110 1
10100101111 1
10100110000 1
10100110001 1
10100110010 1
10100110011 1
10100110100 1
10100110101 1
10100110110 1
10100110111 1
10100111000 1
10100111001 1
10100111010 1
10100111011 1
10100111100 1
10100111101 1
10100111110 1
10100111111 1
10101000000 1
10101000001 1
10101000010 1
10101000011 1
10101000100 1
10101000101 1
10101000110 1
10101000111 1
10101001000 1
10101001001 1
10101001010 1
10101001011 1
10101001100 1
10101001101 1
10101001110 1
10101001111 1
10101010000 1
10101010001 1
10101010010 1
10101010011 1
10101010100 1
10101010101 1
10101010110 1
10101010111 1
10101011000 1
10101011001 1
10101011010 1
10101011011 1
10101011100 1
10101011101 1
10101011110 1
10101011111 1
10101100000 1
10101100001 1
10101100010 1
10101100011 1
10101100100 1
10101100101 1
10101100110 1
10101100111 1
10101101000 1
10101101001 1
10101101010 1
10101101011 1
10101101100 1
10101101101 1
10101101110 1
10101101111 1
10101110000 1
10101110001 1
10101110010 1
10101110011 1
10101110100 1
10101110101 1
10101110110 1
10101110111 1
10101111000 1
10101111001 1
10101111010 1
10101111011 1
10101111100 1
10101111101 1
10101111110 1
10101111111 1
10110000000 1
10110000001 1
10110000010 1
10110000011 1
10110000100 1
10110000101 1
10110000110 1
10110000111 1
10110001000 1
10110001001 1
10110001010 1
10110001011 1
10110001100 1
10110001101 1
10110001110 1
10110001111 1
10110010000 1
10110010001 1
10110010010 1
10110010011 1
10110010100 1
10110010101 1
10110010110 1
10110010111 1
10110011000 1
10110011001 1
10110011010 1
10110011011 1
10110011100 1
10110011101 1
10110011110 1
10110011111 1
10110100000 1
10110100001 1
10110100010 1
10110100011 1
10110100100 1
10110100101 1
10110100110 1
10110100111 1
10110101000 1
10110101001 1
10110101010 1
10110101011 1
10110101100 1
10110101101 1
10110101110 1
10110101111 1
10110110000 1
10110110001 1
10110110010 1
10110110011 1
10110110100 1
10110110101 1
10110110110 1
10110110111 1
10110111000 1
10110111001 1
10110111010 1
10110111011 1
10110111100 1
10110111101 1
10110111110 1
10110111111 1
10111000000 1
10111000001 1
10111000010 1
10111000011 1
10111000100 1
10111000101 1
10111000110 1
10111000111 1
10111001000 1
10111001001 1
10111001010 1
10111001011 1
10111001100 1
10111001101 1
10111001110 1
10111001111 1
10111010000 1
10111010001 1
10111010010 1
10111010011 1
10111010100 1
10111010101 1
10111010110 1
10111010111 1
10111011000 1
10111011001 1
10111011010 1
10111011011 1
10111011100 1
10111011101 1
10111011110 1
10111011111 1
10111100000 1
10111100001 1
10111100010 1
10111100011 1
10111100100 1
10111100101 1
10111100110 1
10111100111 1
10111101000 1
10111101001 1
10111101010 1
10111101011 1
10111101100 1
10111101101 1
10111101110 1
10111101111 1
10111110000 1
10111110001 1
10111110010 1
10111110011 1
10111110100 1
10111110101 1
10111110110 1
10111110111 1
10111111000 1
10111111001 1
10111111010 1
10111111011 1
10111111100 1
10111111101 1
10111111110 1
10111111111 1
11000000000 1
11000000001 1
11000000010 1
11000000011 1
11000000100 1
11000000101 1
11000000110 1
11000000111 1
11000001000 1
11000001001 1
11000001010 1
11000001011 1
11000001100 1
11000001101 1
11000001110 1
11000001111 1
11000010000 1
11000010001 1
11000010010 1
11000010011 1
11000010100 1
11000010101 1
11000010110 1
11000010111 1
11000011000 1
11000011001 1
11000011010 1
11000011011 1
11000011100 1
11000011101 1
11000011110 1
11000011111 1
11000100000 1
11000100001 1
11000100010 1
11000100011 1
11000100100 1
11000100101 1
11000100110 1
11000100111 1
11000101000 1
11000101001 1
11000101010 1
11000101011 1
11000101100 1
11000101101 1
11000101110 1
11000101111 1
11000110000 1
11000110001 1
11000110010 1
11000110011 1
11000110100 1
11000110101 1
11000110110 1
11000110111 1
11000111000 1
11000111001 1
11000111010 1
11000111011 1
11000111100 1
11000111101 1
11000111110 1
11000111111 1
11001000000 1
11001000001 1
11001000010 1
11001000011 1
11001000100 1
11001000101 1
11001000110 1
11001000111 1
11001001000 1
11001001001 1
11001001010 1
11001001011 1
11001001100 1
11001001101 1
11001001110 1
11001001111 1
11001010000 1
11001010001 1
11001010010 1
11001010011 1
11001010100 1
11001010101 1
11001010110 1
11001010111 1
11001011000 1
11001011001 1
11001011010 1
11001011011 1
11001011100 1
11001011101 1
11001011110 1
11001011111 1
11001100000 1
11001100001 1
11001100010 1
11001100011 1
11001100100 1
11001100101 1
11001100110 1
11001100111 1
11001101000 1
11001101001 1
11001101010 1
11001101011 1
11001101100 1
11001101101 1
11001101110 1
11001101111 1
11001110000 1
11001110001 1
11001110010 1
11001110011 1
11001110100 1
11001110101 1
11001110110 1
11001110111 1
11001111000 1
11001111001 1
11001111010 1
11001111011 1
11001111100 1
11001111101 1
11001111110 1
11001111111 1
11010000000 1
11010000001 1
11010000010 1
11010000011 1
11010000100 1
11010000101 1
11010000110 1
11010000111 1
11010001000 1
11010001001 1
11010001010 1
11010001011 1
11010001100 1
11010001101 1
11010001110 1
11010001111 1
11010010000 1
11010010001 1
11010010010 1
11010010011 1
11010010100 1
11010010101 1
11010010110 1
11010010111 1
11010011000 1
11010011001 1
11010011010 1
11010011011 1
11010011100 1
11010011101 1
11010011110 1
11010011111 1
11010100000 1
11010100001 1
11010100010 1
11010100011 1
11010100100 1
11010100101 1
11010100110 1
11010100111 1
11010101000 1
11010101001 1
11010101010 1
11010101011 1
11010101100 1
11010101101 1
11010101110 1
11010101111 1
11010110000 1
11010110001 1
11010110010 1
11010110011 1
11010110100 1
11010110101 1
11010110110 1
11010110111 1
11010111000 1
11010111001 1
11010111010 1
11010111011 1
11010111100 1
11010111101 1
11010111110 1
11010111111 1
11011000000 1
11011000001 1
11011000010 1
11011000011 1
11011000100 1
11011000101 1
11011000110 1
11011000111 1
11011001000 1
11011001001 1
11011001010 1
11011001011 1
11011001100 1
11011001101 1
11011001110 1
11011001111 1
11011010000 1
11011010001 1
11011010010 1
11011010011 1
11011010100 1
11011010101 1
11011010110 1
11011010111 1
11011011000 1
11011011001 1
11011011010 1
11011011011 1
11011011100 1
11011011101 1
11011011110 1
11011011111 1
11011100000 1
11011100001 1
11011100010 1
11011100011 1
11011100100 1
11011100101 1
11011100110 1
11011100111 1
11011101000 1
11011101001 1
11011101010 1
11011101011 1
11011101100 1
11011101101 1
11011101110 1
11011101111 1
11011110000 1
11011110001 1
11011110010 1
11011110011 1
11011110100 1
11011110101 1
11011110110 1
11011110111 1
11011111000 1
11011111001 1
11011111010 1
11011111011 1
11011111100 1
11011111101 1
11011111110 1
11011111111 1
11100000000 1
11100000001 1
11100000010 1
11100000011 1
11100000100 1
11100000101 1
11100000110 1
11100000111 1
11100001000 1
11100001001 1
11100001010 1
11100001011 1
11100001100 1
11100001101 1
11100001110 1
11100001111 1
11100010000 1
11100010001 1
11100010010 1
11100010011 1
11100010100 1
11100010101 1
11100010110 1
11100010111 1
11100011000 1
11100011001 1
11100011010 1
11100011011 1
11100011100 1
11100011101 1
11100011110 1
11100011111 1
11100100000 1
11100100001 1
11100100010 1
11100100011 1
11100100100 1
11100100101 1
11100100110 1
11100100111 1
11100101000 1
11100101001 1
11100101010 1
11100101011 1
11100101100 1
11100101101 1
11100101110 1
11100101111 1
11100110000 1
11100110001 1
11100110010 1
11100110011 1
11100110100 1
11100110101 1
11100110110 1
11100110111 1
11100111000 1
11100111001 1
11100111010 1
11100111011 1
11100111100 1
11100111101 1
11100111110 1
11100111111 1
11101000000 1
11101000001 1
11101000010 1
11101000011 1
11101000100 1
11101000101 1
11101000110 1
11101000111 1
11101001000 1
11101001001 1
11101001010 1
11101001011 1
11101001100 1
11101001101 1
11101001110 1
11101001111 1
11101010000 1
11101010001 1
11101010010 1
11101010011 1
11101010100 1
11101010101 1
11101010110 1
11101010111 1
11101011000 1
11101011001 1
11101011010 1
11101011011 1
11101011100 1
11101011101 1
11101011110 1
11101011111 1
11101100000 1
11101100001 1
11101100010 1
11101100011 1
11101100100 1
11101100101 1
11101100110 1
11101100111 1
11101101000 1
11101101001 1
11101101010 1
11101101011 1
11101101100 1
11101101101 1
11101101110 1
11101101111 1
11101110000 1
11101110001 1
11101110010 1
11101110011 1
11101110100 1
11101110101 1
11101110110 1
11101110111 1
11101111000 1
11101111001 1
11101111010 1
11101111011 1
11101111100 1
11101111101 1
11101111110 1
11101111111 1
11110000000 1
11110000001 1
11110000010 1
11110000011 1
11110000100 1
11110000101 1
11110000110 1
11110000111 1
11110001000 1
11110001001 1
11110001010 1
11110001011 1
11110001100 1
11110001101 1
11110001110 1
11110001111 1
11110010000 1
11110010001 1
11110010010 1
11110010011 1
11110010100 1
11110010101 1
11110010110 1
11110010111 1
11110011000 1
11110011001 1
11110011010 1
11110011011 1
11110011100 1
11110011101 1
11110011110 1
11110011111 1
11110100000 1
11110100001 1
11110100010 1
11110100011 1
11110100100 1
11110100101 1
11110100110 1
11110100111 1
11110101000 1
11110101001 1
11110101010 1
11110101011 1
11110101100 1
11110101101 1
11110101110 1
11110101111 1
11110110000 1
11110110001 1
11110110010 1
11110110011 1
11110110100 1
11110110101 1
11110110110 1
11110110111 1
11110111000 1
11110111001 1
11110111010 1
11110111011 1
11110111100 1
11110111101 1
11110111110 1
11110111111 1
11111000000 1
11111000001 1
11111000010 1
11111000011 1
11111000100 1
11111000101 1
11111000110 1
11111000111 1
11111001000 1
11111001001 1
11111001010 1
11111001011 1
11111001100 1
11111001101 1
11111001110 1
11111001111 1
11111010000 1
11111010001 1
11111010010 1
11111010011 1
11111010100 1
11111010101 1
11111010110 1
11111010111 1
11111011000 1
11111011001 1
11111011010 1
11111011011 1
11111011100 1
11111011101 1
11111011110 1
11111011111 1
11111100000 1
11111100001 1
11111100010 1
11111100011 1
11111100100 1
11111100101 1
11111100110 1
11111100111 1
11111101000 1
11111101001 1
11111101010 1
11111101011 1
11111101100 1
11111101101 1
11111101110 1
11111101111 1
11111110000 1
11111110001 1
11111110010 1
11111110011 1
11111110100 1
11111110101 1
11111110110 1
11111110111 1
11111111000 1
11111111001 1
11111111010 1
11111111011 1
11111111100 1
11111111101 1
11111111110 1
11111111111 0
.names 48 44 136 29
000 0
001 1
010 1
011 0
100 1
101 0
110 0
111 0
.end