.model Graphe(4832)
.input 10 18 28 29 34 43 50 55 56 57 62 63 65 84 93 113 114 116 117 118 121 123 129
.output 57 131 4 115 20 53 13 44 92 128 104 19 45 2 108 100 72 24 83
.names 56 15
0 1
1 0
.names 15 26
0 1
1 0
.names 28 30
0 1
1 0
.names 116 35
0 1
1 0
.names 29 38
0 1
1 0
.names 84 88
0 1
1 0
.names 114 91
0 1
1 0
.names 123 119
0 1
1 0
.names 114 88 122
00 1
01 1
10 1
11 0
.names 65 124
0 1
1 0
.names 123 131
0 1
1 0
.names 26 25
0 1
1 0
.names 122 49
0 1
1 0
.names 122 54
0 1
1 0
.names 25 89
0 1
1 0
.names 29 89 11
00 0
01 1
10 1
11 0
.names 93 49 54 47
000 1
001 0
010 0
011 1
100 0
101 1
110 1
111 1
.names 11 127
0 1
1 0
.names 127 94
0 1
1 0
.names 117 94 112
00 1
01 0
10 0
11 1
.names 112 1
0 1
1 0
.names 34 1 3
00 1
01 1
10 1
11 0
.names 94 39
0 1
1 0
.names 25 1 73
00 0
01 1
10 1
11 0
.names 114 119 73 77
000 1
001 0
010 0
011 0
100 0
101 0
110 0
111 0
.names 3 73 90
00 0
01 1
10 1
11 1
.names 47 3 90 6
000 0
001 1
010 1
011 0
100 1
101 0
110 0
111 0
.names 6 5
0 1
1 0
.names 30 5 7
00 0
01 1
10 1
11 0
.names 18 73 7 101
000 0
001 1
010 1
011 0
100 1
101 0
110 0
111 0
.names 116 129 101 106
000 1
001 0
010 0
011 1
100 0
101 1
110 1
111 1
.names 121 73 106 66
000 1
001 1
010 1
011 1
100 1
101 1
110 1
111 0
.names 56 65 66 52
000 0
001 0
010 0
011 0
100 0
101 0
110 0
111 1
.names 93 52 61
00 1
01 0
10 0
11 1
.names 25 61 69
00 1
01 0
10 0
11 1
.names 62 69 85
00 0
01 1
10 1
11 1
.names 30 38 85 4
000 0
001 1
010 1
011 0
100 1
101 0
110 0
111 0
.names 118 112 69 12
000 1
001 1
010 1
011 1
100 1
101 1
110 1
111 0
.names 38 91 90 6 85 16
00000 1
00001 0
00010 0
00011 0
00100 0
00101 0
00110 0
00111 0
01000 0
01001 0
01010 0
01011 0
01100 0
01101 0
01110 0
01111 0
10000 0
10001 0
10010 0
10011 0
10100 0
10101 0
10110 0
10111 0
11000 0
11001 0
11010 0
11011 0
11100 0
11101 0
11110 0
11111 0
.names 43 16 46
00 1
01 1
10 1
11 0
.names 55 49 39 52 51
0000 0
0001 0
0010 0
0011 0
0100 0
0101 0
0110 0
0111 0
1000 0
1001 0
1010 0
1011 0
1100 0
1101 0
1110 0
1111 1
.names 90 46 115
00 0
01 1
10 1
11 0
.names 123 16 9
00 0
01 0
10 0
11 1
.names 50 46 41
00 0
01 0
10 0
11 1
.names 9 81
0 1
1 0
.names 41 36
0 1
1 0
.names 12 81 36 67
000 0
001 0
010 0
011 0
100 0
101 0
110 0
111 1
.names 113 30 67 109
000 1
001 1
010 1
011 1
100 1
101 1
110 1
111 0
.names 113 41 67 37
000 1
001 1
010 1
011 1
100 1
101 1
110 1
111 0
.names 43 121 49 47 94 67 42
000000 0
000001 0
000010 0
000011 0
000100 0
000101 0
000110 0
000111 0
001000 0
001001 0
001010 0
001011 0
001100 0
001101 0
001110 0
001111 0
010000 0
010001 0
010010 0
010011 0
010100 0
010101 0
010110 0
010111 0
011000 0
011001 0
011010 0
011011 0
011100 0
011101 0
011110 0
011111 0
100000 0
100001 0
100010 0
100011 0
100100 0
100101 0
100110 0
100111 0
101000 0
101001 0
101010 0
101011 0
101100 0
101101 0
101110 0
101111 0
110000 0
110001 0
110010 0
110011 0
110100 0
110101 0
110110 0
110111 0
111000 0
111001 0
111010 0
111011 0
111100 0
111101 0
111110 0
111111 1
.names 63 35 3 37 48
0000 0
0001 0
0010 0
0011 0
0100 0
0101 0
0110 0
0111 0
1000 0
1001 0
1010 0
1011 0
1100 0
1101 0
1110 0
1111 1
.names 29 62 37 64
000 0
001 1
010 1
011 0
100 1
101 0
110 0
111 0
.names 49 42 0
00 0
01 0
10 0
11 1
.names 28 89 90 64 0 31
00000 0
00001 1
00010 1
00011 0
00100 1
00101 0
00110 0
00111 0
01000 1
01001 0
01010 0
01011 0
01100 0
01101 0
01110 0
01111 0
10000 1
10001 0
10010 0
10011 0
10100 0
10101 0
10110 0
10111 0
11000 0
11001 0
11010 0
11011 0
11100 0
11101 0
11110 0
11111 0
.names 10 18 63 49 41 81 42 31 40
00000000 0
00000001 1
00000010 1
00000011 0
00000100 1
00000101 0
00000110 0
00000111 0
00001000 1
00001001 0
00001010 0
00001011 0
00001100 0
00001101 0
00001110 0
00001111 0
00010000 1
00010001 0
00010010 0
00010011 0
00010100 0
00010101 0
00010110 0
00010111 0
00011000 0
00011001 0
00011010 0
00011011 0
00011100 0
00011101 0
00011110 0
00011111 0
00100000 1
00100001 0
00100010 0
00100011 0
00100100 0
00100101 0
00100110 0
00100111 0
00101000 0
00101001 0
00101010 0
00101011 0
00101100 0
00101101 0
00101110 0
00101111 0
00110000 0
00110001 0
00110010 0
00110011 0
00110100 0
00110101 0
00110110 0
00110111 0
00111000 0
00111001 0
00111010 0
00111011 0
00111100 0
00111101 0
00111110 0
00111111 0
01000000 1
01000001 0
01000010 0
01000011 0
01000100 0
01000101 0
01000110 0
01000111 0
01001000 0
01001001 0
01001010 0
01001011 0
01001100 0
01001101 0
01001110 0
01001111 0
01010000 0
01010001 0
01010010 0
01010011 0
01010100 0
01010101 0
01010110 0
01010111 0
01011000 0
01011001 0
01011010 0
01011011 0
01011100 0
01011101 0
01011110 0
01011111 0
01100000 0
01100001 0
01100010 0
01100011 0
01100100 0
01100101 0
01100110 0
01100111 0
01101000 0
01101001 0
01101010 0
01101011 0
01101100 0
01101101 0
01101110 0
01101111 0
01110000 0
01110001 0
01110010 0
01110011 0
01110100 0
01110101 0
01110110 0
01110111 0
01111000 0
01111001 0
01111010 0
01111011 0
01111100 0
01111101 0
01111110 0
01111111 0
10000000 1
10000001 0
10000010 0
10000011 0
10000100 0
10000101 0
10000110 0
10000111 0
10001000 0
10001001 0
10001010 0
10001011 0
10001100 0
10001101 0
10001110 0
10001111 0
10010000 0
10010001 0
10010010 0
10010011 0
10010100 0
10010101 0
10010110 0
10010111 0
10011000 0
10011001 0
10011010 0
10011011 0
10011100 0
10011101 0
10011110 0
10011111 0
10100000 0
10100001 0
10100010 0
10100011 0
10100100 0
10100101 0
10100110 0
10100111 0
10101000 0
10101001 0
10101010 0
10101011 0
10101100 0
10101101 0
10101110 0
10101111 0
10110000 0
10110001 0
10110010 0
10110011 0
10110100 0
10110101 0
10110110 0
10110111 0
10111000 0
10111001 0
10111010 0
10111011 0
10111100 0
10111101 0
10111110 0
10111111 0
11000000 0
11000001 0
11000010 0
11000011 0
11000100 0
11000101 0
11000110 0
11000111 0
11001000 0
11001001 0
11001010 0
11001011 0
11001100 0
11001101 0
11001110 0
11001111 0
11010000 0
11010001 0
11010010 0
11010011 0
11010100 0
11010101 0
11010110 0
11010111 0
11011000 0
11011001 0
11011010 0
11011011 0
11011100 0
11011101 0
11011110 0
11011111 0
11100000 0
11100001 0
11100010 0
11100011 0
11100100 0
11100101 0
11100110 0
11100111 0
11101000 0
11101001 0
11101010 0
11101011 0
11101100 0
11101101 0
11101110 0
11101111 0
11110000 0
11110001 0
11110010 0
11110011 0
11110100 0
11110101 0
11110110 0
11110111 0
11111000 0
11111001 0
11111010 0
11111011 0
11111100 0
11111101 0
11111110 0
11111111 0
.names 48 64 60
00 0
01 0
10 0
11 1
.names 63 116 77 67 60 68
00000 1
00001 1
00010 1
00011 1
00100 1
00101 1
00110 1
00111 1
01000 1
01001 1
01010 1
01011 1
01100 1
01101 1
01110 1
01111 1
10000 1
10001 1
10010 1
10011 1
10100 1
10101 1
10110 1
10111 1
11000 1
11001 1
11010 1
11011 1
11100 1
11101 1
11110 1
11111 0
.names 0 68 82
00 0
01 0
10 0
11 1
.names 65 91 85 81 68 86
00000 0
00001 1
00010 1
00011 0
00100 1
00101 0
00110 0
00111 0
01000 1
01001 0
01010 0
01011 0
01100 0
01101 0
01110 0
01111 0
10000 1
10001 0
10010 0
10011 0
10100 0
10101 0
10110 0
10111 0
11000 0
11001 0
11010 0
11011 0
11100 0
11101 0
11110 0
11111 0
.names 65 124 54 3 40 87
00000 1
00001 0
00010 0
00011 1
00100 0
00101 1
00110 1
00111 1
01000 0
01001 1
01010 1
01011 1
01100 1
01101 1
01110 1
01111 1
10000 0
10001 1
10010 1
10011 1
10100 1
10101 1
10110 1
10111 1
11000 1
11001 1
11010 1
11011 1
11100 1
11101 1
11110 1
11111 1
.names 18 87 20
00 1
01 0
10 0
11 0
.names 86 33
0 1
1 0
.names 77 33 53
00 0
01 1
10 1
11 0
.names 28 40 82 71
000 1
001 1
010 1
011 1
100 1
101 1
110 1
111 0
.names 101 51 48 71 78
0000 0
0001 1
0010 1
0011 0
0100 1
0101 0
0110 0
0111 0
1000 1
1001 0
1010 0
1011 0
1100 0
1101 0
1110 0
1111 0
.names 78 95
0 1
1 0
.names 113 95 96
00 0
01 1
10 1
11 0
.names 28 34 117 16 109 42 95 17
0000000 0
0000001 1
0000010 1
0000011 0
0000100 1
0000101 0
0000110 0
0000111 0
0001000 1
0001001 0
0001010 0
0001011 0
0001100 0
0001101 0
0001110 0
0001111 0
0010000 1
0010001 0
0010010 0
0010011 0
0010100 0
0010101 0
0010110 0
0010111 0
0011000 0
0011001 0
0011010 0
0011011 0
0011100 0
0011101 0
0011110 0
0011111 0
0100000 1
0100001 0
0100010 0
0100011 0
0100100 0
0100101 0
0100110 0
0100111 0
0101000 0
0101001 0
0101010 0
0101011 0
0101100 0
0101101 0
0101110 0
0101111 0
0110000 0
0110001 0
0110010 0
0110011 0
0110100 0
0110101 0
0110110 0
0110111 0
0111000 0
0111001 0
0111010 0
0111011 0
0111100 0
0111101 0
0111110 0
0111111 0
1000000 1
1000001 0
1000010 0
1000011 0
1000100 0
1000101 0
1000110 0
1000111 0
1001000 0
1001001 0
1001010 0
1001011 0
1001100 0
1001101 0
1001110 0
1001111 0
1010000 0
1010001 0
1010010 0
1010011 0
1010100 0
1010101 0
1010110 0
1010111 0
1011000 0
1011001 0
1011010 0
1011011 0
1011100 0
1011101 0
1011110 0
1011111 0
1100000 0
1100001 0
1100010 0
1100011 0
1100100 0
1100101 0
1100110 0
1100111 0
1101000 0
1101001 0
1101010 0
1101011 0
1101100 0
1101101 0
1101110 0
1101111 0
1110000 0
1110001 0
1110010 0
1110011 0
1110100 0
1110101 0
1110110 0
1110111 0
1111000 0
1111001 0
1111010 0
1111011 0
1111100 0
1111101 0
1111110 0
1111111 0
.names 67 78 58
00 0
01 1
10 1
11 1
.names 123 15 6 101 78 17 97
000000 0
000001 0
000010 0
000011 0
000100 0
000101 0
000110 0
000111 0
001000 0
001001 0
001010 0
001011 0
001100 0
001101 0
001110 0
001111 0
010000 0
010001 0
010010 0
010011 0
010100 0
010101 0
010110 0
010111 0
011000 0
011001 0
011010 0
011011 0
011100 0
011101 0
011110 0
011111 0
100000 0
100001 0
100010 0
100011 0
100100 0
100101 0
100110 0
100111 0
101000 0
101001 0
101010 0
101011 0
101100 0
101101 0
101110 0
101111 0
110000 0
110001 0
110010 0
110011 0
110100 0
110101 0
110110 0
110111 0
111000 0
111001 0
111010 0
111011 0
111100 0
111101 0
111110 0
111111 1
.names 122 95 97 98
000 1
001 0
010 0
011 1
100 0
101 1
110 1
111 1
.names 124 101 58 130
000 1
001 0
010 0
011 1
100 0
101 1
110 1
111 1
.names 16 17 13
00 0
01 0
10 0
11 1
.names 93 124 25 98 22
0000 1
0001 1
0010 1
0011 1
0100 1
0101 1
0110 1
0111 1
1000 1
1001 1
1010 1
1011 1
1100 1
1101 1
1110 1
1111 0
.names 58 27
0 1
1 0
.names 88 61 69 51 27 80
00000 1
00001 0
00010 0
00011 0
00100 0
00101 0
00110 0
00111 0
01000 0
01001 0
01010 0
01011 0
01100 0
01101 0
01110 0
01111 0
10000 0
10001 0
10010 0
10011 0
10100 0
10101 0
10110 0
10111 0
11000 0
11001 0
11010 0
11011 0
11100 0
11101 0
11110 0
11111 0
.names 94 80 110
00 0
01 1
10 1
11 0
.names 124 112 81 97 130 120
00000 1
00001 1
00010 1
00011 1
00100 1
00101 1
00110 1
00111 1
01000 1
01001 1
01010 1
01011 1
01100 1
01101 1
01110 1
01111 1
10000 1
10001 1
10010 1
10011 1
10100 1
10101 1
10110 1
10111 1
11000 1
11001 1
11010 1
11011 1
11100 1
11101 1
11110 1
11111 0
.names 84 113 123 129 30 122 41 87 130 125
000000000 1
000000001 0
000000010 0
000000011 0
000000100 0
000000101 0
000000110 0
000000111 0
000001000 0
000001001 0
000001010 0
000001011 0
000001100 0
000001101 0
000001110 0
000001111 0
000010000 0
000010001 0
000010010 0
000010011 0
000010100 0
000010101 0
000010110 0
000010111 0
000011000 0
000011001 0
000011010 0
000011011 0
000011100 0
000011101 0
000011110 0
000011111 0
000100000 0
000100001 0
000100010 0
000100011 0
000100100 0
000100101 0
000100110 0
000100111 0
000101000 0
000101001 0
000101010 0
000101011 0
000101100 0
000101101 0
000101110 0
000101111 0
000110000 0
000110001 0
000110010 0
000110011 0
000110100 0
000110101 0
000110110 0
000110111 0
000111000 0
000111001 0
000111010 0
000111011 0
000111100 0
000111101 0
000111110 0
000111111 0
001000000 0
001000001 0
001000010 0
001000011 0
001000100 0
001000101 0
001000110 0
001000111 0
001001000 0
001001001 0
001001010 0
001001011 0
001001100 0
001001101 0
001001110 0
001001111 0
001010000 0
001010001 0
001010010 0
001010011 0
001010100 0
001010101 0
001010110 0
001010111 0
001011000 0
001011001 0
001011010 0
001011011 0
001011100 0
001011101 0
001011110 0
001011111 0
001100000 0
001100001 0
001100010 0
001100011 0
001100100 0
001100101 0
001100110 0
001100111 0
001101000 0
001101001 0
001101010 0
001101011 0
001101100 0
001101101 0
001101110 0
001101111 0
001110000 0
001110001 0
001110010 0
001110011 0
001110100 0
001110101 0
001110110 0
001110111 0
001111000 0
001111001 0
001111010 0
001111011 0
001111100 0
001111101 0
001111110 0
001111111 0
010000000 0
010000001 0
010000010 0
010000011 0
010000100 0
010000101 0
010000110 0
010000111 0
010001000 0
010001001 0
010001010 0
010001011 0
010001100 0
010001101 0
010001110 0
010001111 0
010010000 0
010010001 0
010010010 0
010010011 0
010010100 0
010010101 0
010010110 0
010010111 0
010011000 0
010011001 0
010011010 0
010011011 0
010011100 0
010011101 0
010011110 0
010011111 0
010100000 0
010100001 0
010100010 0
010100011 0
010100100 0
010100101 0
010100110 0
010100111 0
010101000 0
010101001 0
010101010 0
010101011 0
010101100 0
010101101 0
010101110 0
010101111 0
010110000 0
010110001 0
010110010 0
010110011 0
010110100 0
010110101 0
010110110 0
010110111 0
010111000 0
010111001 0
010111010 0
010111011 0
010111100 0
010111101 0
010111110 0
010111111 0
011000000 0
011000001 0
011000010 0
011000011 0
011000100 0
011000101 0
011000110 0
011000111 0
011001000 0
011001001 0
011001010 0
011001011 0
011001100 0
011001101 0
011001110 0
011001111 0
011010000 0
011010001 0
011010010 0
011010011 0
011010100 0
011010101 0
011010110 0
011010111 0
011011000 0
011011001 0
011011010 0
011011011 0
011011100 0
011011101 0
011011110 0
011011111 0
011100000 0
011100001 0
011100010 0
011100011 0
011100100 0
011100101 0
011100110 0
011100111 0
011101000 0
011101001 0
011101010 0
011101011 0
011101100 0
011101101 0
011101110 0
011101111 0
011110000 0
011110001 0
011110010 0
011110011 0
011110100 0
011110101 0
011110110 0
011110111 0
011111000 0
011111001 0
011111010 0
011111011 0
011111100 0
011111101 0
011111110 0
011111111 0
100000000 0
100000001 0
100000010 0
100000011 0
100000100 0
100000101 0
100000110 0
100000111 0
100001000 0
100001001 0
100001010 0
100001011 0
100001100 0
100001101 0
100001110 0
100001111 0
100010000 0
100010001 0
100010010 0
100010011 0
100010100 0
100010101 0
100010110 0
100010111 0
100011000 0
100011001 0
100011010 0
100011011 0
100011100 0
100011101 0
100011110 0
100011111 0
100100000 0
100100001 0
100100010 0
100100011 0
100100100 0
100100101 0
100100110 0
100100111 0
100101000 0
100101001 0
100101010 0
100101011 0
100101100 0
100101101 0
100101110 0
100101111 0
100110000 0
100110001 0
100110010 0
100110011 0
100110100 0
100110101 0
100110110 0
100110111 0
100111000 0
100111001 0
100111010 0
100111011 0
100111100 0
100111101 0
100111110 0
100111111 0
101000000 0
101000001 0
101000010 0
101000011 0
101000100 0
101000101 0
101000110 0
101000111 0
101001000 0
101001001 0
101001010 0
101001011 0
101001100 0
101001101 0
101001110 0
101001111 0
101010000 0
101010001 0
101010010 0
101010011 0
101010100 0
101010101 0
101010110 0
101010111 0
101011000 0
101011001 0
101011010 0
101011011 0
101011100 0
101011101 0
101011110 0
101011111 0
101100000 0
101100001 0
101100010 0
101100011 0
101100100 0
101100101 0
101100110 0
101100111 0
101101000 0
101101001 0
101101010 0
101101011 0
101101100 0
101101101 0
101101110 0
101101111 0
101110000 0
101110001 0
101110010 0
101110011 0
101110100 0
101110101 0
101110110 0
101110111 0
101111000 0
101111001 0
101111010 0
101111011 0
101111100 0
101111101 0
101111110 0
101111111 0
110000000 0
110000001 0
110000010 0
110000011 0
110000100 0
110000101 0
110000110 0
110000111 0
110001000 0
110001001 0
110001010 0
110001011 0
110001100 0
110001101 0
110001110 0
110001111 0
110010000 0
110010001 0
110010010 0
110010011 0
110010100 0
110010101 0
110010110 0
110010111 0
110011000 0
110011001 0
110011010 0
110011011 0
110011100 0
110011101 0
110011110 0
110011111 0
110100000 0
110100001 0
110100010 0
110100011 0
110100100 0
110100101 0
110100110 0
110100111 0
110101000 0
110101001 0
110101010 0
110101011 0
110101100 0
110101101 0
110101110 0
110101111 0
110110000 0
110110001 0
110110010 0
110110011 0
110110100 0
110110101 0
110110110 0
110110111 0
110111000 0
110111001 0
110111010 0
110111011 0
110111100 0
110111101 0
110111110 0
110111111 0
111000000 0
111000001 0
111000010 0
111000011 0
111000100 0
111000101 0
111000110 0
111000111 0
111001000 0
111001001 0
111001010 0
111001011 0
111001100 0
111001101 0
111001110 0
111001111 0
111010000 0
111010001 0
111010010 0
111010011 0
111010100 0
111010101 0
111010110 0
111010111 0
111011000 0
111011001 0
111011010 0
111011011 0
111011100 0
111011101 0
111011110 0
111011111 0
111100000 0
111100001 0
111100010 0
111100011 0
111100100 0
111100101 0
111100110 0
111100111 0
111101000 0
111101001 0
111101010 0
111101011 0
111101100 0
111101101 0
111101110 0
111101111 0
111110000 0
111110001 0
111110010 0
111110011 0
111110100 0
111110101 0
111110110 0
111110111 0
111111000 0
111111001 0
111111010 0
111111011 0
111111100 0
111111101 0
111111110 0
111111111 0
.names 34 50 41 40 110 44
00000 0
00001 1
00010 1
00011 1
00100 1
00101 1
00110 1
00111 1
01000 1
01001 1
01010 1
01011 1
01100 1
01101 1
01110 1
01111 1
10000 1
10001 1
10010 1
10011 1
10100 1
10101 1
10110 1
10111 1
11000 1
11001 1
11010 1
11011 1
11100 1
11101 1
11110 1
11111 1
.names 12 82 80 125 75
0000 1
0001 0
0010 0
0011 0
0100 0
0101 0
0110 0
0111 0
1000 0
1001 0
1010 0
1011 0
1100 0
1101 0
1110 0
1111 0
.names 65 121 88 47 81 60 96 75 76
00000000 0
00000001 0
00000010 0
00000011 0
00000100 0
00000101 0
00000110 0
00000111 0
00001000 0
00001001 0
00001010 0
00001011 0
00001100 0
00001101 0
00001110 0
00001111 0
00010000 0
00010001 0
00010010 0
00010011 0
00010100 0
00010101 0
00010110 0
00010111 0
00011000 0
00011001 0
00011010 0
00011011 0
00011100 0
00011101 0
00011110 0
00011111 0
00100000 0
00100001 0
00100010 0
00100011 0
00100100 0
00100101 0
00100110 0
00100111 0
00101000 0
00101001 0
00101010 0
00101011 0
00101100 0
00101101 0
00101110 0
00101111 0
00110000 0
00110001 0
00110010 0
00110011 0
00110100 0
00110101 0
00110110 0
00110111 0
00111000 0
00111001 0
00111010 0
00111011 0
00111100 0
00111101 0
00111110 0
00111111 0
01000000 0
01000001 0
01000010 0
01000011 0
01000100 0
01000101 0
01000110 0
01000111 0
01001000 0
01001001 0
01001010 0
01001011 0
01001100 0
01001101 0
01001110 0
01001111 0
01010000 0
01010001 0
01010010 0
01010011 0
01010100 0
01010101 0
01010110 0
01010111 0
01011000 0
01011001 0
01011010 0
01011011 0
01011100 0
01011101 0
01011110 0
01011111 0
01100000 0
01100001 0
01100010 0
01100011 0
01100100 0
01100101 0
01100110 0
01100111 0
01101000 0
01101001 0
01101010 0
01101011 0
01101100 0
01101101 0
01101110 0
01101111 0
01110000 0
01110001 0
01110010 0
01110011 0
01110100 0
01110101 0
01110110 0
01110111 0
01111000 0
01111001 0
01111010 0
01111011 0
01111100 0
01111101 0
01111110 0
01111111 0
10000000 0
10000001 0
10000010 0
10000011 0
10000100 0
10000101 0
10000110 0
10000111 0
10001000 0
10001001 0
10001010 0
10001011 0
10001100 0
10001101 0
10001110 0
10001111 0
10010000 0
10010001 0
10010010 0
10010011 0
10010100 0
10010101 0
10010110 0
10010111 0
10011000 0
10011001 0
10011010 0
10011011 0
10011100 0
10011101 0
10011110 0
10011111 0
10100000 0
10100001 0
10100010 0
10100011 0
10100100 0
10100101 0
10100110 0
10100111 0
10101000 0
10101001 0
10101010 0
10101011 0
10101100 0
10101101 0
10101110 0
10101111 0
10110000 0
10110001 0
10110010 0
10110011 0
10110100 0
10110101 0
10110110 0
10110111 0
10111000 0
10111001 0
10111010 0
10111011 0
10111100 0
10111101 0
10111110 0
10111111 0
11000000 0
11000001 0
11000010 0
11000011 0
11000100 0
11000101 0
11000110 0
11000111 0
11001000 0
11001001 0
11001010 0
11001011 0
11001100 0
11001101 0
11001110 0
11001111 0
11010000 0
11010001 0
11010010 0
11010011 0
11010100 0
11010101 0
11010110 0
11010111 0
11011000 0
11011001 0
11011010 0
11011011 0
11011100 0
11011101 0
11011110 0
11011111 0
11100000 0
11100001 0
11100010 0
11100011 0
11100100 0
11100101 0
11100110 0
11100111 0
11101000 0
11101001 0
11101010 0
11101011 0
11101100 0
11101101 0
11101110 0
11101111 0
11110000 0
11110001 0
11110010 0
11110011 0
11110100 0
11110101 0
11110110 0
11110111 0
11111000 0
11111001 0
11111010 0
11111011 0
11111100 0
11111101 0
11111110 0
11111111 1
.names 77 86 75 92
000 0
001 1
010 1
011 0
100 1
101 0
110 0
111 0
.names 122 75 128
00 1
01 0
10 0
11 1
.names 123 67 76 14
000 0
001 1
010 1
011 0
100 1
101 0
110 0
111 0
.names 14 23
0 1
1 0
.names 23 32
0 1
1 0
.names 30 60 14 59
000 1
001 0
010 0
011 0
100 0
101 0
110 0
111 0
.names 73 76 70
00 0
01 1
10 1
11 0
.names 94 130 70 104
000 1
001 0
010 0
011 0
100 0
101 0
110 0
111 0
.names 77 106 81 120 23 107
00000 0
00001 1
00010 1
00011 1
00100 1
00101 1
00110 1
00111 1
01000 1
01001 1
01010 1
01011 1
01100 1
01101 1
01110 1
01111 1
10000 1
10001 1
10010 1
10011 1
10100 1
10101 1
10110 1
10111 1
11000 1
11001 1
11010 1
11011 1
11100 1
11101 1
11110 1
11111 1
.names 47 31 32 111
000 0
001 0
010 0
011 0
100 0
101 0
110 0
111 1
.names 32 8
0 1
1 0
.names 8 19
0 1
1 0
.names 117 119 111 45
000 0
001 1
010 1
011 1
100 1
101 1
110 1
111 1
.names 113 94 16 14 107 103
00000 0
00001 1
00010 1
00011 0
00100 1
00101 0
00110 0
00111 0
01000 1
01001 0
01010 0
01011 0
01100 0
01101 0
01110 0
01111 0
10000 1
10001 0
10010 0
10011 0
10100 0
10101 0
10110 0
10111 0
11000 0
11001 0
11010 0
11011 0
11100 0
11101 0
11110 0
11111 0
.names 68 8 2
00 1
01 1
10 1
11 0
.names 93 113 11 90 60 68 59 103 102
00000000 1
00000001 0
00000010 0
00000011 1
00000100 0
00000101 1
00000110 1
00000111 1
00001000 0
00001001 1
00001010 1
00001011 1
00001100 1
00001101 1
00001110 1
00001111 1
00010000 0
00010001 1
00010010 1
00010011 1
00010100 1
00010101 1
00010110 1
00010111 1
00011000 1
00011001 1
00011010 1
00011011 1
00011100 1
00011101 1
00011110 1
00011111 1
00100000 0
00100001 1
00100010 1
00100011 1
00100100 1
00100101 1
00100110 1
00100111 1
00101000 1
00101001 1
00101010 1
00101011 1
00101100 1
00101101 1
00101110 1
00101111 1
00110000 1
00110001 1
00110010 1
00110011 1
00110100 1
00110101 1
00110110 1
00110111 1
00111000 1
00111001 1
00111010 1
00111011 1
00111100 1
00111101 1
00111110 1
00111111 1
01000000 0
01000001 1
01000010 1
01000011 1
01000100 1
01000101 1
01000110 1
01000111 1
01001000 1
01001001 1
01001010 1
01001011 1
01001100 1
01001101 1
01001110 1
01001111 1
01010000 1
01010001 1
01010010 1
01010011 1
01010100 1
01010101 1
01010110 1
01010111 1
01011000 1
01011001 1
01011010 1
01011011 1
01011100 1
01011101 1
01011110 1
01011111 1
01100000 1
01100001 1
01100010 1
01100011 1
01100100 1
01100101 1
01100110 1
01100111 1
01101000 1
01101001 1
01101010 1
01101011 1
01101100 1
01101101 1
01101110 1
01101111 1
01110000 1
01110001 1
01110010 1
01110011 1
01110100 1
01110101 1
01110110 1
01110111 1
01111000 1
01111001 1
01111010 1
01111011 1
01111100 1
01111101 1
01111110 1
01111111 1
10000000 0
10000001 1
10000010 1
10000011 1
10000100 1
10000101 1
10000110 1
10000111 1
10001000 1
10001001 1
10001010 1
10001011 1
10001100 1
10001101 1
10001110 1
10001111 1
10010000 1
10010001 1
10010010 1
10010011 1
10010100 1
10010101 1
10010110 1
10010111 1
10011000 1
10011001 1
10011010 1
10011011 1
10011100 1
10011101 1
10011110 1
10011111 1
10100000 1
10100001 1
10100010 1
10100011 1
10100100 1
10100101 1
10100110 1
10100111 1
10101000 1
10101001 1
10101010 1
10101011 1
10101100 1
10101101 1
10101110 1
10101111 1
10110000 1
10110001 1
10110010 1
10110011 1
10110100 1
10110101 1
10110110 1
10110111 1
10111000 1
10111001 1
10111010 1
10111011 1
10111100 1
10111101 1
10111110 1
10111111 1
11000000 1
11000001 1
11000010 1
11000011 1
11000100 1
11000101 1
11000110 1
11000111 1
11001000 1
11001001 1
11001010 1
11001011 1
11001100 1
11001101 1
11001110 1
11001111 1
11010000 1
11010001 1
11010010 1
11010011 1
11010100 1
11010101 1
11010110 1
11010111 1
11011000 1
11011001 1
11011010 1
11011011 1
11011100 1
11011101 1
11011110 1
11011111 1
11100000 1
11100001 1
11100010 1
11100011 1
11100100 1
11100101 1
11100110 1
11100111 1
11101000 1
11101001 1
11101010 1
11101011 1
11101100 1
11101101 1
11101110 1
11101111 1
11110000 1
11110001 1
11110010 1
11110011 1
11110100 1
11110101 1
11110110 1
11110111 1
11111000 1
11111001 1
11111010 1
11111011 1
11111100 1
11111101 1
11111110 1
11111111 1
.names 36 95 102 105
000 1
001 1
010 1
011 1
100 1
101 1
110 1
111 0
.names 127 101 52 103 102 108
00000 1
00001 0
00010 0
00011 1
00100 0
00101 1
00110 1
00111 1
01000 0
01001 1
01010 1
01011 1
01100 1
01101 1
01110 1
01111 1
10000 0
10001 1
10010 1
10011 1
10100 1
10101 1
10110 1
10111 1
11000 1
11001 1
11010 1
11011 1
11100 1
11101 1
11110 1
11111 1
.names 56 121 9 22 75 76 8 102 74
00000000 0
00000001 1
00000010 1
00000011 1
00000100 1
00000101 1
00000110 1
00000111 1
00001000 1
00001001 1
00001010 1
00001011 1
00001100 1
00001101 1
00001110 1
00001111 1
00010000 1
00010001 1
00010010 1
00010011 1
00010100 1
00010101 1
00010110 1
00010111 1
00011000 1
00011001 1
00011010 1
00011011 1
00011100 1
00011101 1
00011110 1
00011111 1
00100000 1
00100001 1
00100010 1
00100011 1
00100100 1
00100101 1
00100110 1
00100111 1
00101000 1
00101001 1
00101010 1
00101011 1
00101100 1
00101101 1
00101110 1
00101111 1
00110000 1
00110001 1
00110010 1
00110011 1
00110100 1
00110101 1
00110110 1
00110111 1
00111000 1
00111001 1
00111010 1
00111011 1
00111100 1
00111101 1
00111110 1
00111111 1
01000000 1
01000001 1
01000010 1
01000011 1
01000100 1
01000101 1
01000110 1
01000111 1
01001000 1
01001001 1
01001010 1
01001011 1
01001100 1
01001101 1
01001110 1
01001111 1
01010000 1
01010001 1
01010010 1
01010011 1
01010100 1
01010101 1
01010110 1
01010111 1
01011000 1
01011001 1
01011010 1
01011011 1
01011100 1
01011101 1
01011110 1
01011111 1
01100000 1
01100001 1
01100010 1
01100011 1
01100100 1
01100101 1
01100110 1
01100111 1
01101000 1
01101001 1
01101010 1
01101011 1
01101100 1
01101101 1
01101110 1
01101111 1
01110000 1
01110001 1
01110010 1
01110011 1
01110100 1
01110101 1
01110110 1
01110111 1
01111000 1
01111001 1
01111010 1
01111011 1
01111100 1
01111101 1
01111110 1
01111111 1
10000000 1
10000001 1
10000010 1
10000011 1
10000100 1
10000101 1
10000110 1
10000111 1
10001000 1
10001001 1
10001010 1
10001011 1
10001100 1
10001101 1
10001110 1
10001111 1
10010000 1
10010001 1
10010010 1
10010011 1
10010100 1
10010101 1
10010110 1
10010111 1
10011000 1
10011001 1
10011010 1
10011011 1
10011100 1
10011101 1
10011110 1
10011111 1
10100000 1
10100001 1
10100010 1
10100011 1
10100100 1
10100101 1
10100110 1
10100111 1
10101000 1
10101001 1
10101010 1
10101011 1
10101100 1
10101101 1
10101110 1
10101111 1
10110000 1
10110001 1
10110010 1
10110011 1
10110100 1
10110101 1
10110110 1
10110111 1
10111000 1
10111001 1
10111010 1
10111011 1
10111100 1
10111101 1
10111110 1
10111111 1
11000000 1
11000001 1
11000010 1
11000011 1
11000100 1
11000101 1
11000110 1
11000111 1
11001000 1
11001001 1
11001010 1
11001011 1
11001100 1
11001101 1
11001110 1
11001111 1
11010000 1
11010001 1
11010010 1
11010011 1
11010100 1
11010101 1
11010110 1
11010111 1
11011000 1
11011001 1
11011010 1
11011011 1
11011100 1
11011101 1
11011110 1
11011111 1
11100000 1
11100001 1
11100010 1
11100011 1
11100100 1
11100101 1
11100110 1
11100111 1
11101000 1
11101001 1
11101010 1
11101011 1
11101100 1
11101101 1
11101110 1
11101111 1
11110000 1
11110001 1
11110010 1
11110011 1
11110100 1
11110101 1
11110110 1
11110111 1
11111000 1
11111001 1
11111010 1
11111011 1
11111100 1
11111101 1
11111110 1
11111111 1
.names 93 105 99
00 1
01 1
10 1
11 0
.names 119 81 107 99 100
0000 0
0001 1
0010 1
0011 0
0100 1
0101 0
0110 0
0111 0
1000 1
1001 0
1010 0
1011 0
1100 0
1101 0
1110 0
1111 0
.names 65 93 123 109 80 103 99 126
0000000 1
0000001 1
0000010 1
0000011 1
0000100 1
0000101 1
0000110 1
0000111 1
0001000 1
0001001 1
0001010 1
0001011 1
0001100 1
0001101 1
0001110 1
0001111 1
0010000 1
0010001 1
0010010 1
0010011 1
0010100 1
0010101 1
0010110 1
0010111 1
0011000 1
0011001 1
0011010 1
0011011 1
0011100 1
0011101 1
0011110 1
0011111 1
0100000 1
0100001 1
0100010 1
0100011 1
0100100 1
0100101 1
0100110 1
0100111 1
0101000 1
0101001 1
0101010 1
0101011 1
0101100 1
0101101 1
0101110 1
0101111 1
0110000 1
0110001 1
0110010 1
0110011 1
0110100 1
0110101 1
0110110 1
0110111 1
0111000 1
0111001 1
0111010 1
0111011 1
0111100 1
0111101 1
0111110 1
0111111 1
1000000 1
1000001 1
1000010 1
1000011 1
1000100 1
1000101 1
1000110 1
1000111 1
1001000 1
1001001 1
1001010 1
1001011 1
1001100 1
1001101 1
1001110 1
1001111 1
1010000 1
1010001 1
1010010 1
1010011 1
1010100 1
1010101 1
1010110 1
1010111 1
1011000 1
1011001 1
1011010 1
1011011 1
1011100 1
1011101 1
1011110 1
1011111 1
1100000 1
1100001 1
1100010 1
1100011 1
1100100 1
1100101 1
1100110 1
1100111 1
1101000 1
1101001 1
1101010 1
1101011 1
1101100 1
1101101 1
1101110 1
1101111 1
1110000 1
1110001 1
1110010 1
1110011 1
1110100 1
1110101 1
1110110 1
1110111 1
1111000 1
1111001 1
1111010 1
1111011 1
1111100 1
1111101 1
1111110 1
1111111 0
.names 129 73 74 72
000 0
001 1
010 1
011 0
100 1
101 0
110 0
111 0
.names 93 54 60 80 75 32 126 79
0000000 0
0000001 1
0000010 1
0000011 1
0000100 1
0000101 1
0000110 1
0000111 1
0001000 1
0001001 1
0001010 1
0001011 1
0001100 1
0001101 1
0001110 1
0001111 1
0010000 1
0010001 1
0010010 1
0010011 1
0010100 1
0010101 1
0010110 1
0010111 1
0011000 1
0011001 1
0011010 1
0011011 1
0011100 1
0011101 1
0011110 1
0011111 1
0100000 1
0100001 1
0100010 1
0100011 1
0100100 1
0100101 1
0100110 1
0100111 1
0101000 1
0101001 1
0101010 1
0101011 1
0101100 1
0101101 1
0101110 1
0101111 1
0110000 1
0110001 1
0110010 1
0110011 1
0110100 1
0110101 1
0110110 1
0110111 1
0111000 1
0111001 1
0111010 1
0111011 1
0111100 1
0111101 1
0111110 1
0111111 1
1000000 1
1000001 1
1000010 1
1000011 1
1000100 1
1000101 1
1000110 1
1000111 1
1001000 1
1001001 1
1001010 1
1001011 1
1001100 1
1001101 1
1001110 1
1001111 1
1010000 1
1010001 1
1010010 1
1010011 1
1010100 1
1010101 1
1010110 1
1010111 1
1011000 1
1011001 1
1011010 1
1011011 1
1011100 1
1011101 1
1011110 1
1011111 1
1100000 1
1100001 1
1100010 1
1100011 1
1100100 1
1100101 1
1100110 1
1100111 1
1101000 1
1101001 1
1101010 1
1101011 1
1101100 1
1101101 1
1101110 1
1101111 1
1110000 1
1110001 1
1110010 1
1110011 1
1110100 1
1110101 1
1110110 1
1110111 1
1111000 1
1111001 1
1111010 1
1111011 1
1111100 1
1111101 1
1111110 1
1111111 1
.names 28 87 17 130 79 21
00000 1
00001 0
00010 0
00011 0
00100 0
00101 0
00110 0
00111 0
01000 0
01001 0
01010 0
01011 0
01100 0
01101 0
01110 0
01111 0
10000 0
10001 0
10010 0
10011 0
10100 0
10101 0
10110 0
10111 0
11000 0
11001 0
11010 0
11011 0
11100 0
11101 0
11110 0
11111 0
.names 26 9 22 103 21 24
00000 1
00001 0
00010 0
00011 1
00100 0
00101 1
00110 1
00111 1
01000 0
01001 1
01010 1
01011 1
01100 1
01101 1
01110 1
01111 1
10000 0
10001 1
10010 1
10011 1
10100 1
10101 1
10110 1
10111 1
11000 1
11001 1
11010 1
11011 1
11100 1
11101 1
11110 1
11111 1
.names 18 54 1 90 87 95 21 83
0000000 1
0000001 0
0000010 0
0000011 1
0000100 0
0000101 1
0000110 1
0000111 1
0001000 0
0001001 1
0001010 1
0001011 1
0001100 1
0001101 1
0001110 1
0001111 1
0010000 0
0010001 1
0010010 1
0010011 1
0010100 1
0010101 1
0010110 1
0010111 1
0011000 1
0011001 1
0011010 1
0011011 1
0011100 1
0011101 1
0011110 1
0011111 1
0100000 0
0100001 1
0100010 1
0100011 1
0100100 1
0100101 1
0100110 1
0100111 1
0101000 1
0101001 1
0101010 1
0101011 1
0101100 1
0101101 1
0101110 1
0101111 1
0110000 1
0110001 1
0110010 1
0110011 1
0110100 1
0110101 1
0110110 1
0110111 1
0111000 1
0111001 1
0111010 1
0111011 1
0111100 1
0111101 1
0111110 1
0111111 1
1000000 0
1000001 1
1000010 1
1000011 1
1000100 1
1000101 1
1000110 1
1000111 1
1001000 1
1001001 1
1001010 1
1001011 1
1001100 1
1001101 1
1001110 1
1001111 1
1010000 1
1010001 1
1010010 1
1010011 1
1010100 1
1010101 1
1010110 1
1010111 1
1011000 1
1011001 1
1011010 1
1011011 1
1011100 1
1011101 1
1011110 1
1011111 1
1100000 1
1100001 1
1100010 1
1100011 1
1100100 1
1100101 1
1100110 1
1100111 1
1101000 1
1101001 1
1101010 1
1101011 1
1101100 1
1101101 1
1101110 1
1101111 1
1110000 1
1110001 1
1110010 1
1110011 1
1110100 1
1110101 1
1110110 1
1110111 1
1111000 1
1111001 1
1111010 1
1111011 1
1111100 1
1111101 1
1111110 1
1111111 1
.end