.model Graphe(4472)
.input 8 12 13 27 31 49 51 54 56 76 86 89 96 105 110 120 136 144
.output 96 82 99 30 18 93 62 0 29 108 124 129 20 55 61 68 107 52 74 114 10 81
.names 110 7
0 1
1 0
.names 86 32
0 1
1 0
.names 32 44
0 1
1 0
.names 105 58
0 1
1 0
.names 56 7 84
00 1
01 1
10 1
11 0
.names 13 87
0 1
1 0
.names 120 123
0 1
1 0
.names 144 123 127
00 0
01 0
10 0
11 1
.names 110 136 133
00 1
01 1
10 1
11 0
.names 136 142
0 1
1 0
.names 49 127 23
00 0
01 1
10 1
11 0
.names 23 38
0 1
1 0
.names 38 64
0 1
1 0
.names 76 142 71
00 0
01 1
10 1
11 0
.names 64 72
0 1
1 0
.names 8 38 91
00 0
01 1
10 1
11 0
.names 7 91 141
00 0
01 1
10 1
11 1
.names 64 25
0 1
1 0
.names 38 37
0 1
1 0
.names 37 42
0 1
1 0
.names 54 58 64 71 69
0000 1
0001 1
0010 1
0011 1
0100 1
0101 1
0110 1
0111 1
1000 1
1001 1
1010 1
1011 1
1100 1
1101 1
1110 1
1111 0
.names 38 69 70
00 1
01 0
10 0
11 0
.names 69 75
0 1
1 0
.names 84 127 25 78
000 0
001 0
010 0
011 0
100 0
101 0
110 0
111 1
.names 110 71 78 82
000 1
001 0
010 0
011 1
100 0
101 1
110 1
111 1
.names 110 37 99
00 0
01 1
10 1
11 1
.names 78 103
0 1
1 0
.names 123 42 70 128
000 0
001 1
010 1
011 1
100 1
101 1
110 1
111 1
.names 127 25 21
00 0
01 0
10 0
11 1
.names 70 65
0 1
1 0
.names 65 131
0 1
1 0
.names 21 1
0 1
1 0
.names 1 6
0 1
1 0
.names 31 105 1 102
000 1
001 1
010 1
011 1
100 1
101 1
110 1
111 0
.names 1 132
0 1
1 0
.names 132 135
0 1
1 0
.names 142 91 132 143
000 1
001 0
010 0
011 1
100 0
101 1
110 1
111 1
.names 51 135 60
00 0
01 1
10 1
11 0
.names 58 135 60 50
000 0
001 0
010 0
011 0
100 0
101 0
110 0
111 1
.names 136 23 143 50 34
0000 1
0001 1
0010 1
0011 1
0100 1
0101 1
0110 1
0111 1
1000 1
1001 1
1010 1
1011 1
1100 1
1101 1
1110 1
1111 0
.names 1 34 41
00 0
01 1
10 1
11 1
.names 38 41 46
00 1
01 0
10 0
11 0
.names 135 143 46 147
000 0
001 1
010 1
011 1
100 1
101 1
110 1
111 1
.names 147 17
0 1
1 0
.names 131 147 67
00 0
01 1
10 1
11 0
.names 42 67 106
00 1
01 1
10 1
11 0
.names 17 112
0 1
1 0
.names 44 50 106 121
000 1
001 0
010 0
011 1
100 0
101 1
110 1
111 1
.names 89 120 67 28
000 1
001 1
010 1
011 1
100 1
101 1
110 1
111 0
.names 112 73
0 1
1 0
.names 136 142 135 28 145
0000 1
0001 0
0010 0
0011 0
0100 0
0101 0
0110 0
0111 0
1000 0
1001 0
1010 0
1011 0
1100 0
1101 0
1110 0
1111 0
.names 71 78 145 79
000 0
001 1
010 1
011 0
100 1
101 0
110 0
111 0
.names 79 98
0 1
1 0
.names 145 139
0 1
1 0
.names 38 72 41 79 139 43
00000 1
00001 1
00010 1
00011 1
00100 1
00101 1
00110 1
00111 1
01000 1
01001 1
01010 1
01011 1
01100 1
01101 1
01110 1
01111 1
10000 1
10001 1
10010 1
10011 1
10100 1
10101 1
10110 1
10111 1
11000 1
11001 1
11010 1
11011 1
11100 1
11101 1
11110 1
11111 0
.names 105 79 66
00 1
01 1
10 1
11 0
.names 110 66 116
00 1
01 0
10 0
11 0
.names 144 133 28 145 139 134
00000 0
00001 1
00010 1
00011 1
00100 1
00101 1
00110 1
00111 1
01000 1
01001 1
01010 1
01011 1
01100 1
01101 1
01110 1
01111 1
10000 1
10001 1
10010 1
10011 1
10100 1
10101 1
10110 1
10111 1
11000 1
11001 1
11010 1
11011 1
11100 1
11101 1
11110 1
11111 1
.names 136 44 127 133 142 72 143 134 140
00000000 1
00000001 0
00000010 0
00000011 0
00000100 0
00000101 0
00000110 0
00000111 0
00001000 0
00001001 0
00001010 0
00001011 0
00001100 0
00001101 0
00001110 0
00001111 0
00010000 0
00010001 0
00010010 0
00010011 0
00010100 0
00010101 0
00010110 0
00010111 0
00011000 0
00011001 0
00011010 0
00011011 0
00011100 0
00011101 0
00011110 0
00011111 0
00100000 0
00100001 0
00100010 0
00100011 0
00100100 0
00100101 0
00100110 0
00100111 0
00101000 0
00101001 0
00101010 0
00101011 0
00101100 0
00101101 0
00101110 0
00101111 0
00110000 0
00110001 0
00110010 0
00110011 0
00110100 0
00110101 0
00110110 0
00110111 0
00111000 0
00111001 0
00111010 0
00111011 0
00111100 0
00111101 0
00111110 0
00111111 0
01000000 0
01000001 0
01000010 0
01000011 0
01000100 0
01000101 0
01000110 0
01000111 0
01001000 0
01001001 0
01001010 0
01001011 0
01001100 0
01001101 0
01001110 0
01001111 0
01010000 0
01010001 0
01010010 0
01010011 0
01010100 0
01010101 0
01010110 0
01010111 0
01011000 0
01011001 0
01011010 0
01011011 0
01011100 0
01011101 0
01011110 0
01011111 0
01100000 0
01100001 0
01100010 0
01100011 0
01100100 0
01100101 0
01100110 0
01100111 0
01101000 0
01101001 0
01101010 0
01101011 0
01101100 0
01101101 0
01101110 0
01101111 0
01110000 0
01110001 0
01110010 0
01110011 0
01110100 0
01110101 0
01110110 0
01110111 0
01111000 0
01111001 0
01111010 0
01111011 0
01111100 0
01111101 0
01111110 0
01111111 0
10000000 0
10000001 0
10000010 0
10000011 0
10000100 0
10000101 0
10000110 0
10000111 0
10001000 0
10001001 0
10001010 0
10001011 0
10001100 0
10001101 0
10001110 0
10001111 0
10010000 0
10010001 0
10010010 0
10010011 0
10010100 0
10010101 0
10010110 0
10010111 0
10011000 0
10011001 0
10011010 0
10011011 0
10011100 0
10011101 0
10011110 0
10011111 0
10100000 0
10100001 0
10100010 0
10100011 0
10100100 0
10100101 0
10100110 0
10100111 0
10101000 0
10101001 0
10101010 0
10101011 0
10101100 0
10101101 0
10101110 0
10101111 0
10110000 0
10110001 0
10110010 0
10110011 0
10110100 0
10110101 0
10110110 0
10110111 0
10111000 0
10111001 0
10111010 0
10111011 0
10111100 0
10111101 0
10111110 0
10111111 0
11000000 0
11000001 0
11000010 0
11000011 0
11000100 0
11000101 0
11000110 0
11000111 0
11001000 0
11001001 0
11001010 0
11001011 0
11001100 0
11001101 0
11001110 0
11001111 0
11010000 0
11010001 0
11010010 0
11010011 0
11010100 0
11010101 0
11010110 0
11010111 0
11011000 0
11011001 0
11011010 0
11011011 0
11011100 0
11011101 0
11011110 0
11011111 0
11100000 0
11100001 0
11100010 0
11100011 0
11100100 0
11100101 0
11100110 0
11100111 0
11101000 0
11101001 0
11101010 0
11101011 0
11101100 0
11101101 0
11101110 0
11101111 0
11110000 0
11110001 0
11110010 0
11110011 0
11110100 0
11110101 0
11110110 0
11110111 0
11111000 0
11111001 0
11111010 0
11111011 0
11111100 0
11111101 0
11111110 0
11111111 0
.names 31 116 26
00 0
01 0
10 0
11 1
.names 43 39
0 1
1 0
.names 49 58 134 57
000 0
001 0
010 0
011 0
100 0
101 0
110 0
111 1
.names 103 46 26 11
000 1
001 1
010 1
011 1
100 1
101 1
110 1
111 0
.names 23 26 22
00 0
01 1
10 1
11 1
.names 21 22 30
00 1
01 1
10 1
11 0
.names 87 75 46 140 39 36
00000 0
00001 1
00010 1
00011 1
00100 1
00101 1
00110 1
00111 1
01000 1
01001 1
01010 1
01011 1
01100 1
01101 1
01110 1
01111 1
10000 1
10001 1
10010 1
10011 1
10100 1
10101 1
10110 1
10111 1
11000 1
11001 1
11010 1
11011 1
11100 1
11101 1
11110 1
11111 1
.names 49 51 22 63
000 0
001 0
010 0
011 0
100 0
101 0
110 0
111 1
.names 12 66 134 36 14
0000 0
0001 1
0010 1
0011 1
0100 1
0101 1
0110 1
0111 1
1000 1
1001 1
1010 1
1011 1
1100 1
1101 1
1110 1
1111 1
.names 34 14 15
00 1
01 0
10 0
11 0
.names 8 78 128 14 19
0000 0
0001 1
0010 1
0011 1
0100 1
0101 1
0110 1
0111 1
1000 1
1001 1
1010 1
1011 1
1100 1
1101 1
1110 1
1111 1
.names 14 90
0 1
1 0
.names 89 91 19 94
000 1
001 0
010 0
011 0
100 0
101 0
110 0
111 0
.names 79 90 130
00 0
01 1
10 1
11 1
.names 49 116 19 18
000 1
001 0
010 0
011 1
100 0
101 1
110 1
111 1
.names 36 130 35
00 0
01 0
10 0
11 1
.names 94 92
0 1
1 0
.names 87 36 94 93
000 0
001 1
010 1
011 0
100 1
101 0
110 0
111 0
.names 91 92 95
00 1
01 1
10 1
11 0
.names 78 140 35 115
000 1
001 1
010 1
011 1
100 1
101 1
110 1
111 0
.names 121 140 130 119
000 1
001 1
010 1
011 1
100 1
101 1
110 1
111 0
.names 35 126
0 1
1 0
.names 136 132 60 139 35 146
00000 1
00001 0
00010 0
00011 1
00100 0
00101 1
00110 1
00111 1
01000 0
01001 1
01010 1
01011 1
01100 1
01101 1
01110 1
01111 1
10000 0
10001 1
10010 1
10011 1
10100 1
10101 1
10110 1
10111 1
11000 1
11001 1
11010 1
11011 1
11100 1
11101 1
11110 1
11111 1
.names 91 15 146 59
000 1
001 0
010 0
011 0
100 0
101 0
110 0
111 0
.names 25 103 41 98 115 100
00000 1
00001 0
00010 0
00011 0
00100 0
00101 0
00110 0
00111 0
01000 0
01001 0
01010 0
01011 0
01100 0
01101 0
01110 0
01111 0
10000 0
10001 0
10010 0
10011 0
10100 0
10101 0
10110 0
10111 0
11000 0
11001 0
11010 0
11011 0
11100 0
11101 0
11110 0
11111 0
.names 126 122
0 1
1 0
.names 1 139 122 2
000 0
001 1
010 1
011 0
100 1
101 0
110 0
111 0
.names 59 48
0 1
1 0
.names 12 49 48 62
000 1
001 0
010 0
011 1
100 0
101 1
110 1
111 1
.names 66 130 48 104
000 0
001 1
010 1
011 0
100 1
101 0
110 0
111 0
.names 64 2 0
00 0
01 0
10 0
11 1
.names 44 79 48 33
000 1
001 0
010 0
011 1
100 0
101 1
110 1
111 1
.names 102 33 83
00 0
01 1
10 1
11 1
.names 21 104 97
00 1
01 0
10 0
11 0
.names 43 116 97 111
000 1
001 0
010 0
011 0
100 0
101 0
110 0
111 0
.names 105 11 111 118
000 0
001 1
010 1
011 0
100 1
101 0
110 0
111 0
.names 111 137
0 1
1 0
.names 120 144 137 138
000 0
001 1
010 1
011 0
100 1
101 0
110 0
111 0
.names 1 6 97 4
000 0
001 1
010 1
011 0
100 1
101 0
110 0
111 0
.names 14 138 24
00 0
01 0
10 0
11 1
.names 73 22 24 29
000 0
001 1
010 1
011 0
100 1
101 0
110 0
111 0
.names 44 41 112 36 118 45
00000 0
00001 1
00010 1
00011 1
00100 1
00101 1
00110 1
00111 1
01000 1
01001 1
01010 1
01011 1
01100 1
01101 1
01110 1
01111 1
10000 1
10001 1
10010 1
10011 1
10100 1
10101 1
10110 1
10111 1
11000 1
11001 1
11010 1
11011 1
11100 1
11101 1
11110 1
11111 1
.names 27 38 72 132 46 43 15 130 119 33 4 47
00000000000 0
00000000001 1
00000000010 1
00000000011 1
00000000100 1
00000000101 1
00000000110 1
00000000111 1
00000001000 1
00000001001 1
00000001010 1
00000001011 1
00000001100 1
00000001101 1
00000001110 1
00000001111 1
00000010000 1
00000010001 1
00000010010 1
00000010011 1
00000010100 1
00000010101 1
00000010110 1
00000010111 1
00000011000 1
00000011001 1
00000011010 1
00000011011 1
00000011100 1
00000011101 1
00000011110 1
00000011111 1
00000100000 1
00000100001 1
00000100010 1
00000100011 1
00000100100 1
00000100101 1
00000100110 1
00000100111 1
00000101000 1
00000101001 1
00000101010 1
00000101011 1
00000101100 1
00000101101 1
00000101110 1
00000101111 1
00000110000 1
00000110001 1
00000110010 1
00000110011 1
00000110100 1
00000110101 1
00000110110 1
00000110111 1
00000111000 1
00000111001 1
00000111010 1
00000111011 1
00000111100 1
00000111101 1
00000111110 1
00000111111 1
00001000000 1
00001000001 1
00001000010 1
00001000011 1
00001000100 1
00001000101 1
00001000110 1
00001000111 1
00001001000 1
00001001001 1
00001001010 1
00001001011 1
00001001100 1
00001001101 1
00001001110 1
00001001111 1
00001010000 1
00001010001 1
00001010010 1
00001010011 1
00001010100 1
00001010101 1
00001010110 1
00001010111 1
00001011000 1
00001011001 1
00001011010 1
00001011011 1
00001011100 1
00001011101 1
00001011110 1
00001011111 1
00001100000 1
00001100001 1
00001100010 1
00001100011 1
00001100100 1
00001100101 1
00001100110 1
00001100111 1
00001101000 1
00001101001 1
00001101010 1
00001101011 1
00001101100 1
00001101101 1
00001101110 1
00001101111 1
00001110000 1
00001110001 1
00001110010 1
00001110011 1
00001110100 1
00001110101 1
00001110110 1
00001110111 1
00001111000 1
00001111001 1
00001111010 1
00001111011 1
00001111100 1
00001111101 1
00001111110 1
00001111111 1
00010000000 1
00010000001 1
00010000010 1
00010000011 1
00010000100 1
00010000101 1
00010000110 1
00010000111 1
00010001000 1
00010001001 1
00010001010 1
00010001011 1
00010001100 1
00010001101 1
00010001110 1
00010001111 1
00010010000 1
00010010001 1
00010010010 1
00010010011 1
00010010100 1
00010010101 1
00010010110 1
00010010111 1
00010011000 1
00010011001 1
00010011010 1
00010011011 1
00010011100 1
00010011101 1
00010011110 1
00010011111 1
00010100000 1
00010100001 1
00010100010 1
00010100011 1
00010100100 1
00010100101 1
00010100110 1
00010100111 1
00010101000 1
00010101001 1
00010101010 1
00010101011 1
00010101100 1
00010101101 1
00010101110 1
00010101111 1
00010110000 1
00010110001 1
00010110010 1
00010110011 1
00010110100 1
00010110101 1
00010110110 1
00010110111 1
00010111000 1
00010111001 1
00010111010 1
00010111011 1
00010111100 1
00010111101 1
00010111110 1
00010111111 1
00011000000 1
00011000001 1
00011000010 1
00011000011 1
00011000100 1
00011000101 1
00011000110 1
00011000111 1
00011001000 1
00011001001 1
00011001010 1
00011001011 1
00011001100 1
00011001101 1
00011001110 1
00011001111 1
00011010000 1
00011010001 1
00011010010 1
00011010011 1
00011010100 1
00011010101 1
00011010110 1
00011010111 1
00011011000 1
00011011001 1
00011011010 1
00011011011 1
00011011100 1
00011011101 1
00011011110 1
00011011111 1
00011100000 1
00011100001 1
00011100010 1
00011100011 1
00011100100 1
00011100101 1
00011100110 1
00011100111 1
00011101000 1
00011101001 1
00011101010 1
00011101011 1
00011101100 1
00011101101 1
00011101110 1
00011101111 1
00011110000 1
00011110001 1
00011110010 1
00011110011 1
00011110100 1
00011110101 1
00011110110 1
00011110111 1
00011111000 1
00011111001 1
00011111010 1
00011111011 1
00011111100 1
00011111101 1
00011111110 1
00011111111 1
00100000000 1
00100000001 1
00100000010 1
00100000011 1
00100000100 1
00100000101 1
00100000110 1
00100000111 1
00100001000 1
00100001001 1
00100001010 1
00100001011 1
00100001100 1
00100001101 1
00100001110 1
00100001111 1
00100010000 1
00100010001 1
00100010010 1
00100010011 1
00100010100 1
00100010101 1
00100010110 1
00100010111 1
00100011000 1
00100011001 1
00100011010 1
00100011011 1
00100011100 1
00100011101 1
00100011110 1
00100011111 1
00100100000 1
00100100001 1
00100100010 1
00100100011 1
00100100100 1
00100100101 1
00100100110 1
00100100111 1
00100101000 1
00100101001 1
00100101010 1
00100101011 1
00100101100 1
00100101101 1
00100101110 1
00100101111 1
00100110000 1
00100110001 1
00100110010 1
00100110011 1
00100110100 1
00100110101 1
00100110110 1
00100110111 1
00100111000 1
00100111001 1
00100111010 1
00100111011 1
00100111100 1
00100111101 1
00100111110 1
00100111111 1
00101000000 1
00101000001 1
00101000010 1
00101000011 1
00101000100 1
00101000101 1
00101000110 1
00101000111 1
00101001000 1
00101001001 1
00101001010 1
00101001011 1
00101001100 1
00101001101 1
00101001110 1
00101001111 1
00101010000 1
00101010001 1
00101010010 1
00101010011 1
00101010100 1
00101010101 1
00101010110 1
00101010111 1
00101011000 1
00101011001 1
00101011010 1
00101011011 1
00101011100 1
00101011101 1
00101011110 1
00101011111 1
00101100000 1
00101100001 1
00101100010 1
00101100011 1
00101100100 1
00101100101 1
00101100110 1
00101100111 1
00101101000 1
00101101001 1
00101101010 1
00101101011 1
00101101100 1
00101101101 1
00101101110 1
00101101111 1
00101110000 1
00101110001 1
00101110010 1
00101110011 1
00101110100 1
00101110101 1
00101110110 1
00101110111 1
00101111000 1
00101111001 1
00101111010 1
00101111011 1
00101111100 1
00101111101 1
00101111110 1
00101111111 1
00110000000 1
00110000001 1
00110000010 1
00110000011 1
00110000100 1
00110000101 1
00110000110 1
00110000111 1
00110001000 1
00110001001 1
00110001010 1
00110001011 1
00110001100 1
00110001101 1
00110001110 1
00110001111 1
00110010000 1
00110010001 1
00110010010 1
00110010011 1
00110010100 1
00110010101 1
00110010110 1
00110010111 1
00110011000 1
00110011001 1
00110011010 1
00110011011 1
00110011100 1
00110011101 1
00110011110 1
00110011111 1
00110100000 1
00110100001 1
00110100010 1
00110100011 1
00110100100 1
00110100101 1
00110100110 1
00110100111 1
00110101000 1
00110101001 1
00110101010 1
00110101011 1
00110101100 1
00110101101 1
00110101110 1
00110101111 1
00110110000 1
00110110001 1
00110110010 1
00110110011 1
00110110100 1
00110110101 1
00110110110 1
00110110111 1
00110111000 1
00110111001 1
00110111010 1
00110111011 1
00110111100 1
00110111101 1
00110111110 1
00110111111 1
00111000000 1
00111000001 1
00111000010 1
00111000011 1
00111000100 1
00111000101 1
00111000110 1
00111000111 1
00111001000 1
00111001001 1
00111001010 1
00111001011 1
00111001100 1
00111001101 1
00111001110 1
00111001111 1
00111010000 1
00111010001 1
00111010010 1
00111010011 1
00111010100 1
00111010101 1
00111010110 1
00111010111 1
00111011000 1
00111011001 1
00111011010 1
00111011011 1
00111011100 1
00111011101 1
00111011110 1
00111011111 1
00111100000 1
00111100001 1
00111100010 1
00111100011 1
00111100100 1
00111100101 1
00111100110 1
00111100111 1
00111101000 1
00111101001 1
00111101010 1
00111101011 1
00111101100 1
00111101101 1
00111101110 1
00111101111 1
00111110000 1
00111110001 1
00111110010 1
00111110011 1
00111110100 1
00111110101 1
00111110110 1
00111110111 1
00111111000 1
00111111001 1
00111111010 1
00111111011 1
00111111100 1
00111111101 1
00111111110 1
00111111111 1
01000000000 1
01000000001 1
01000000010 1
01000000011 1
01000000100 1
01000000101 1
01000000110 1
01000000111 1
01000001000 1
01000001001 1
01000001010 1
01000001011 1
01000001100 1
01000001101 1
01000001110 1
01000001111 1
01000010000 1
01000010001 1
01000010010 1
01000010011 1
01000010100 1
01000010101 1
01000010110 1
01000010111 1
01000011000 1
01000011001 1
01000011010 1
01000011011 1
01000011100 1
01000011101 1
01000011110 1
01000011111 1
01000100000 1
01000100001 1
01000100010 1
01000100011 1
01000100100 1
01000100101 1
01000100110 1
01000100111 1
01000101000 1
01000101001 1
01000101010 1
01000101011 1
01000101100 1
01000101101 1
01000101110 1
01000101111 1
01000110000 1
01000110001 1
01000110010 1
01000110011 1
01000110100 1
01000110101 1
01000110110 1
01000110111 1
01000111000 1
01000111001 1
01000111010 1
01000111011 1
01000111100 1
01000111101 1
01000111110 1
01000111111 1
01001000000 1
01001000001 1
01001000010 1
01001000011 1
01001000100 1
01001000101 1
01001000110 1
01001000111 1
01001001000 1
01001001001 1
01001001010 1
01001001011 1
01001001100 1
01001001101 1
01001001110 1
01001001111 1
01001010000 1
01001010001 1
01001010010 1
01001010011 1
01001010100 1
01001010101 1
01001010110 1
01001010111 1
01001011000 1
01001011001 1
01001011010 1
01001011011 1
01001011100 1
01001011101 1
01001011110 1
01001011111 1
01001100000 1
01001100001 1
01001100010 1
01001100011 1
01001100100 1
01001100101 1
01001100110 1
01001100111 1
01001101000 1
01001101001 1
01001101010 1
01001101011 1
01001101100 1
01001101101 1
01001101110 1
01001101111 1
01001110000 1
01001110001 1
01001110010 1
01001110011 1
01001110100 1
01001110101 1
01001110110 1
01001110111 1
01001111000 1
01001111001 1
01001111010 1
01001111011 1
01001111100 1
01001111101 1
01001111110 1
01001111111 1
01010000000 1
01010000001 1
01010000010 1
01010000011 1
01010000100 1
01010000101 1
01010000110 1
01010000111 1
01010001000 1
01010001001 1
01010001010 1
01010001011 1
01010001100 1
01010001101 1
01010001110 1
01010001111 1
01010010000 1
01010010001 1
01010010010 1
01010010011 1
01010010100 1
01010010101 1
01010010110 1
01010010111 1
01010011000 1
01010011001 1
01010011010 1
01010011011 1
01010011100 1
01010011101 1
01010011110 1
01010011111 1
01010100000 1
01010100001 1
01010100010 1
01010100011 1
01010100100 1
01010100101 1
01010100110 1
01010100111 1
01010101000 1
01010101001 1
01010101010 1
01010101011 1
01010101100 1
01010101101 1
01010101110 1
01010101111 1
01010110000 1
01010110001 1
01010110010 1
01010110011 1
01010110100 1
01010110101 1
01010110110 1
01010110111 1
01010111000 1
01010111001 1
01010111010 1
01010111011 1
01010111100 1
01010111101 1
01010111110 1
01010111111 1
01011000000 1
01011000001 1
01011000010 1
01011000011 1
01011000100 1
01011000101 1
01011000110 1
01011000111 1
01011001000 1
01011001001 1
01011001010 1
01011001011 1
01011001100 1
01011001101 1
01011001110 1
01011001111 1
01011010000 1
01011010001 1
01011010010 1
01011010011 1
01011010100 1
01011010101 1
01011010110 1
01011010111 1
01011011000 1
01011011001 1
01011011010 1
01011011011 1
01011011100 1
01011011101 1
01011011110 1
01011011111 1
01011100000 1
01011100001 1
01011100010 1
01011100011 1
01011100100 1
01011100101 1
01011100110 1
01011100111 1
01011101000 1
01011101001 1
01011101010 1
01011101011 1
01011101100 1
01011101101 1
01011101110 1
01011101111 1
01011110000 1
01011110001 1
01011110010 1
01011110011 1
01011110100 1
01011110101 1
01011110110 1
01011110111 1
01011111000 1
01011111001 1
01011111010 1
01011111011 1
01011111100 1
01011111101 1
01011111110 1
01011111111 1
01100000000 1
01100000001 1
01100000010 1
01100000011 1
01100000100 1
01100000101 1
01100000110 1
01100000111 1
01100001000 1
01100001001 1
01100001010 1
01100001011 1
01100001100 1
01100001101 1
01100001110 1
01100001111 1
01100010000 1
01100010001 1
01100010010 1
01100010011 1
01100010100 1
01100010101 1
01100010110 1
01100010111 1
01100011000 1
01100011001 1
01100011010 1
01100011011 1
01100011100 1
01100011101 1
01100011110 1
01100011111 1
01100100000 1
01100100001 1
01100100010 1
01100100011 1
01100100100 1
01100100101 1
01100100110 1
01100100111 1
01100101000 1
01100101001 1
01100101010 1
01100101011 1
01100101100 1
01100101101 1
01100101110 1
01100101111 1
01100110000 1
01100110001 1
01100110010 1
01100110011 1
01100110100 1
01100110101 1
01100110110 1
01100110111 1
01100111000 1
01100111001 1
01100111010 1
01100111011 1
01100111100 1
01100111101 1
01100111110 1
01100111111 1
01101000000 1
01101000001 1
01101000010 1
01101000011 1
01101000100 1
01101000101 1
01101000110 1
01101000111 1
01101001000 1
01101001001 1
01101001010 1
01101001011 1
01101001100 1
01101001101 1
01101001110 1
01101001111 1
01101010000 1
01101010001 1
01101010010 1
01101010011 1
01101010100 1
01101010101 1
01101010110 1
01101010111 1
01101011000 1
01101011001 1
01101011010 1
01101011011 1
01101011100 1
01101011101 1
01101011110 1
01101011111 1
01101100000 1
01101100001 1
01101100010 1
01101100011 1
01101100100 1
01101100101 1
01101100110 1
01101100111 1
01101101000 1
01101101001 1
01101101010 1
01101101011 1
01101101100 1
01101101101 1
01101101110 1
01101101111 1
01101110000 1
01101110001 1
01101110010 1
01101110011 1
01101110100 1
01101110101 1
01101110110 1
01101110111 1
01101111000 1
01101111001 1
01101111010 1
01101111011 1
01101111100 1
01101111101 1
01101111110 1
01101111111 1
01110000000 1
01110000001 1
01110000010 1
01110000011 1
01110000100 1
01110000101 1
01110000110 1
01110000111 1
01110001000 1
01110001001 1
01110001010 1
01110001011 1
01110001100 1
01110001101 1
01110001110 1
01110001111 1
01110010000 1
01110010001 1
01110010010 1
01110010011 1
01110010100 1
01110010101 1
01110010110 1
01110010111 1
01110011000 1
01110011001 1
01110011010 1
01110011011 1
01110011100 1
01110011101 1
01110011110 1
01110011111 1
01110100000 1
01110100001 1
01110100010 1
01110100011 1
01110100100 1
01110100101 1
01110100110 1
01110100111 1
01110101000 1
01110101001 1
01110101010 1
01110101011 1
01110101100 1
01110101101 1
01110101110 1
01110101111 1
01110110000 1
01110110001 1
01110110010 1
01110110011 1
01110110100 1
01110110101 1
01110110110 1
01110110111 1
01110111000 1
01110111001 1
01110111010 1
01110111011 1
01110111100 1
01110111101 1
01110111110 1
01110111111 1
01111000000 1
01111000001 1
01111000010 1
01111000011 1
01111000100 1
01111000101 1
01111000110 1
01111000111 1
01111001000 1
01111001001 1
01111001010 1
01111001011 1
01111001100 1
01111001101 1
01111001110 1
01111001111 1
01111010000 1
01111010001 1
01111010010 1
01111010011 1
01111010100 1
01111010101 1
01111010110 1
01111010111 1
01111011000 1
01111011001 1
01111011010 1
01111011011 1
01111011100 1
01111011101 1
01111011110 1
01111011111 1
01111100000 1
01111100001 1
01111100010 1
01111100011 1
01111100100 1
01111100101 1
01111100110 1
01111100111 1
01111101000 1
01111101001 1
01111101010 1
01111101011 1
01111101100 1
01111101101 1
01111101110 1
01111101111 1
01111110000 1
01111110001 1
01111110010 1
01111110011 1
01111110100 1
01111110101 1
01111110110 1
01111110111 1
01111111000 1
01111111001 1
01111111010 1
01111111011 1
01111111100 1
01111111101 1
01111111110 1
01111111111 1
10000000000 1
10000000001 1
10000000010 1
10000000011 1
10000000100 1
10000000101 1
10000000110 1
10000000111 1
10000001000 1
10000001001 1
10000001010 1
10000001011 1
10000001100 1
10000001101 1
10000001110 1
10000001111 1
10000010000 1
10000010001 1
10000010010 1
10000010011 1
10000010100 1
10000010101 1
10000010110 1
10000010111 1
10000011000 1
10000011001 1
10000011010 1
10000011011 1
10000011100 1
10000011101 1
10000011110 1
10000011111 1
10000100000 1
10000100001 1
10000100010 1
10000100011 1
10000100100 1
10000100101 1
10000100110 1
10000100111 1
10000101000 1
10000101001 1
10000101010 1
10000101011 1
10000101100 1
10000101101 1
10000101110 1
10000101111 1
10000110000 1
10000110001 1
10000110010 1
10000110011 1
10000110100 1
10000110101 1
10000110110 1
10000110111 1
10000111000 1
10000111001 1
10000111010 1
10000111011 1
10000111100 1
10000111101 1
10000111110 1
10000111111 1
10001000000 1
10001000001 1
10001000010 1
10001000011 1
10001000100 1
10001000101 1
10001000110 1
10001000111 1
10001001000 1
10001001001 1
10001001010 1
10001001011 1
10001001100 1
10001001101 1
10001001110 1
10001001111 1
10001010000 1
10001010001 1
10001010010 1
10001010011 1
10001010100 1
10001010101 1
10001010110 1
10001010111 1
10001011000 1
10001011001 1
10001011010 1
10001011011 1
10001011100 1
10001011101 1
10001011110 1
10001011111 1
10001100000 1
10001100001 1
10001100010 1
10001100011 1
10001100100 1
10001100101 1
10001100110 1
10001100111 1
10001101000 1
10001101001 1
10001101010 1
10001101011 1
10001101100 1
10001101101 1
10001101110 1
10001101111 1
10001110000 1
10001110001 1
10001110010 1
10001110011 1
10001110100 1
10001110101 1
10001110110 1
10001110111 1
10001111000 1
10001111001 1
10001111010 1
10001111011 1
10001111100 1
10001111101 1
10001111110 1
10001111111 1
10010000000 1
10010000001 1
10010000010 1
10010000011 1
10010000100 1
10010000101 1
10010000110 1
10010000111 1
10010001000 1
10010001001 1
10010001010 1
10010001011 1
10010001100 1
10010001101 1
10010001110 1
10010001111 1
10010010000 1
10010010001 1
10010010010 1
10010010011 1
10010010100 1
10010010101 1
10010010110 1
10010010111 1
10010011000 1
10010011001 1
10010011010 1
10010011011 1
10010011100 1
10010011101 1
10010011110 1
10010011111 1
10010100000 1
10010100001 1
10010100010 1
10010100011 1
10010100100 1
10010100101 1
10010100110 1
10010100111 1
10010101000 1
10010101001 1
10010101010 1
10010101011 1
10010101100 1
10010101101 1
10010101110 1
10010101111 1
10010110000 1
10010110001 1
10010110010 1
10010110011 1
10010110100 1
10010110101 1
10010110110 1
10010110111 1
10010111000 1
10010111001 1
10010111010 1
10010111011 1
10010111100 1
10010111101 1
10010111110 1
10010111111 1
10011000000 1
10011000001 1
10011000010 1
10011000011 1
10011000100 1
10011000101 1
10011000110 1
10011000111 1
10011001000 1
10011001001 1
10011001010 1
10011001011 1
10011001100 1
10011001101 1
10011001110 1
10011001111 1
10011010000 1
10011010001 1
10011010010 1
10011010011 1
10011010100 1
10011010101 1
10011010110 1
10011010111 1
10011011000 1
10011011001 1
10011011010 1
10011011011 1
10011011100 1
10011011101 1
10011011110 1
10011011111 1
10011100000 1
10011100001 1
10011100010 1
10011100011 1
10011100100 1
10011100101 1
10011100110 1
10011100111 1
10011101000 1
10011101001 1
10011101010 1
10011101011 1
10011101100 1
10011101101 1
10011101110 1
10011101111 1
10011110000 1
10011110001 1
10011110010 1
10011110011 1
10011110100 1
10011110101 1
10011110110 1
10011110111 1
10011111000 1
10011111001 1
10011111010 1
10011111011 1
10011111100 1
10011111101 1
10011111110 1
10011111111 1
10100000000 1
10100000001 1
10100000010 1
10100000011 1
10100000100 1
10100000101 1
10100000110 1
10100000111 1
10100001000 1
10100001001 1
10100001010 1
10100001011 1
10100001100 1
10100001101 1
10100001110 1
10100001111 1
10100010000 1
10100010001 1
10100010010 1
10100010011 1
10100010100 1
10100010101 1
10100010110 1
10100010111 1
10100011000 1
10100011001 1
10100011010 1
10100011011 1
10100011100 1
10100011101 1
10100011110 1
10100011111 1
10100100000 1
10100100001 1
10100100010 1
10100100011 1
10100100100 1
10100100101 1
10100100110 1
10100100111 1
10100101000 1
10100101001 1
10100101010 1
10100101011 1
10100101100 1
10100101101 1
10100101110 1
10100101111 1
10100110000 1
10100110001 1
10100110010 1
10100110011 1
10100110100 1
10100110101 1
10100110110 1
10100110111 1
10100111000 1
10100111001 1
10100111010 1
10100111011 1
10100111100 1
10100111101 1
10100111110 1
10100111111 1
10101000000 1
10101000001 1
10101000010 1
10101000011 1
10101000100 1
10101000101 1
10101000110 1
10101000111 1
10101001000 1
10101001001 1
10101001010 1
10101001011 1
10101001100 1
10101001101 1
10101001110 1
10101001111 1
10101010000 1
10101010001 1
10101010010 1
10101010011 1
10101010100 1
10101010101 1
10101010110 1
10101010111 1
10101011000 1
10101011001 1
10101011010 1
10101011011 1
10101011100 1
10101011101 1
10101011110 1
10101011111 1
10101100000 1
10101100001 1
10101100010 1
10101100011 1
10101100100 1
10101100101 1
10101100110 1
10101100111 1
10101101000 1
10101101001 1
10101101010 1
10101101011 1
10101101100 1
10101101101 1
10101101110 1
10101101111 1
10101110000 1
10101110001 1
10101110010 1
10101110011 1
10101110100 1
10101110101 1
10101110110 1
10101110111 1
10101111000 1
10101111001 1
10101111010 1
10101111011 1
10101111100 1
10101111101 1
10101111110 1
10101111111 1
10110000000 1
10110000001 1
10110000010 1
10110000011 1
10110000100 1
10110000101 1
10110000110 1
10110000111 1
10110001000 1
10110001001 1
10110001010 1
10110001011 1
10110001100 1
10110001101 1
10110001110 1
10110001111 1
10110010000 1
10110010001 1
10110010010 1
10110010011 1
10110010100 1
10110010101 1
10110010110 1
10110010111 1
10110011000 1
10110011001 1
10110011010 1
10110011011 1
10110011100 1
10110011101 1
10110011110 1
10110011111 1
10110100000 1
10110100001 1
10110100010 1
10110100011 1
10110100100 1
10110100101 1
10110100110 1
10110100111 1
10110101000 1
10110101001 1
10110101010 1
10110101011 1
10110101100 1
10110101101 1
10110101110 1
10110101111 1
10110110000 1
10110110001 1
10110110010 1
10110110011 1
10110110100 1
10110110101 1
10110110110 1
10110110111 1
10110111000 1
10110111001 1
10110111010 1
10110111011 1
10110111100 1
10110111101 1
10110111110 1
10110111111 1
10111000000 1
10111000001 1
10111000010 1
10111000011 1
10111000100 1
10111000101 1
10111000110 1
10111000111 1
10111001000 1
10111001001 1
10111001010 1
10111001011 1
10111001100 1
10111001101 1
10111001110 1
10111001111 1
10111010000 1
10111010001 1
10111010010 1
10111010011 1
10111010100 1
10111010101 1
10111010110 1
10111010111 1
10111011000 1
10111011001 1
10111011010 1
10111011011 1
10111011100 1
10111011101 1
10111011110 1
10111011111 1
10111100000 1
10111100001 1
10111100010 1
10111100011 1
10111100100 1
10111100101 1
10111100110 1
10111100111 1
10111101000 1
10111101001 1
10111101010 1
10111101011 1
10111101100 1
10111101101 1
10111101110 1
10111101111 1
10111110000 1
10111110001 1
10111110010 1
10111110011 1
10111110100 1
10111110101 1
10111110110 1
10111110111 1
10111111000 1
10111111001 1
10111111010 1
10111111011 1
10111111100 1
10111111101 1
10111111110 1
10111111111 1
11000000000 1
11000000001 1
11000000010 1
11000000011 1
11000000100 1
11000000101 1
11000000110 1
11000000111 1
11000001000 1
11000001001 1
11000001010 1
11000001011 1
11000001100 1
11000001101 1
11000001110 1
11000001111 1
11000010000 1
11000010001 1
11000010010 1
11000010011 1
11000010100 1
11000010101 1
11000010110 1
11000010111 1
11000011000 1
11000011001 1
11000011010 1
11000011011 1
11000011100 1
11000011101 1
11000011110 1
11000011111 1
11000100000 1
11000100001 1
11000100010 1
11000100011 1
11000100100 1
11000100101 1
11000100110 1
11000100111 1
11000101000 1
11000101001 1
11000101010 1
11000101011 1
11000101100 1
11000101101 1
11000101110 1
11000101111 1
11000110000 1
11000110001 1
11000110010 1
11000110011 1
11000110100 1
11000110101 1
11000110110 1
11000110111 1
11000111000 1
11000111001 1
11000111010 1
11000111011 1
11000111100 1
11000111101 1
11000111110 1
11000111111 1
11001000000 1
11001000001 1
11001000010 1
11001000011 1
11001000100 1
11001000101 1
11001000110 1
11001000111 1
11001001000 1
11001001001 1
11001001010 1
11001001011 1
11001001100 1
11001001101 1
11001001110 1
11001001111 1
11001010000 1
11001010001 1
11001010010 1
11001010011 1
11001010100 1
11001010101 1
11001010110 1
11001010111 1
11001011000 1
11001011001 1
11001011010 1
11001011011 1
11001011100 1
11001011101 1
11001011110 1
11001011111 1
11001100000 1
11001100001 1
11001100010 1
11001100011 1
11001100100 1
11001100101 1
11001100110 1
11001100111 1
11001101000 1
11001101001 1
11001101010 1
11001101011 1
11001101100 1
11001101101 1
11001101110 1
11001101111 1
11001110000 1
11001110001 1
11001110010 1
11001110011 1
11001110100 1
11001110101 1
11001110110 1
11001110111 1
11001111000 1
11001111001 1
11001111010 1
11001111011 1
11001111100 1
11001111101 1
11001111110 1
11001111111 1
11010000000 1
11010000001 1
11010000010 1
11010000011 1
11010000100 1
11010000101 1
11010000110 1
11010000111 1
11010001000 1
11010001001 1
11010001010 1
11010001011 1
11010001100 1
11010001101 1
11010001110 1
11010001111 1
11010010000 1
11010010001 1
11010010010 1
11010010011 1
11010010100 1
11010010101 1
11010010110 1
11010010111 1
11010011000 1
11010011001 1
11010011010 1
11010011011 1
11010011100 1
11010011101 1
11010011110 1
11010011111 1
11010100000 1
11010100001 1
11010100010 1
11010100011 1
11010100100 1
11010100101 1
11010100110 1
11010100111 1
11010101000 1
11010101001 1
11010101010 1
11010101011 1
11010101100 1
11010101101 1
11010101110 1
11010101111 1
11010110000 1
11010110001 1
11010110010 1
11010110011 1
11010110100 1
11010110101 1
11010110110 1
11010110111 1
11010111000 1
11010111001 1
11010111010 1
11010111011 1
11010111100 1
11010111101 1
11010111110 1
11010111111 1
11011000000 1
11011000001 1
11011000010 1
11011000011 1
11011000100 1
11011000101 1
11011000110 1
11011000111 1
11011001000 1
11011001001 1
11011001010 1
11011001011 1
11011001100 1
11011001101 1
11011001110 1
11011001111 1
11011010000 1
11011010001 1
11011010010 1
11011010011 1
11011010100 1
11011010101 1
11011010110 1
11011010111 1
11011011000 1
11011011001 1
11011011010 1
11011011011 1
11011011100 1
11011011101 1
11011011110 1
11011011111 1
11011100000 1
11011100001 1
11011100010 1
11011100011 1
11011100100 1
11011100101 1
11011100110 1
11011100111 1
11011101000 1
11011101001 1
11011101010 1
11011101011 1
11011101100 1
11011101101 1
11011101110 1
11011101111 1
11011110000 1
11011110001 1
11011110010 1
11011110011 1
11011110100 1
11011110101 1
11011110110 1
11011110111 1
11011111000 1
11011111001 1
11011111010 1
11011111011 1
11011111100 1
11011111101 1
11011111110 1
11011111111 1
11100000000 1
11100000001 1
11100000010 1
11100000011 1
11100000100 1
11100000101 1
11100000110 1
11100000111 1
11100001000 1
11100001001 1
11100001010 1
11100001011 1
11100001100 1
11100001101 1
11100001110 1
11100001111 1
11100010000 1
11100010001 1
11100010010 1
11100010011 1
11100010100 1
11100010101 1
11100010110 1
11100010111 1
11100011000 1
11100011001 1
11100011010 1
11100011011 1
11100011100 1
11100011101 1
11100011110 1
11100011111 1
11100100000 1
11100100001 1
11100100010 1
11100100011 1
11100100100 1
11100100101 1
11100100110 1
11100100111 1
11100101000 1
11100101001 1
11100101010 1
11100101011 1
11100101100 1
11100101101 1
11100101110 1
11100101111 1
11100110000 1
11100110001 1
11100110010 1
11100110011 1
11100110100 1
11100110101 1
11100110110 1
11100110111 1
11100111000 1
11100111001 1
11100111010 1
11100111011 1
11100111100 1
11100111101 1
11100111110 1
11100111111 1
11101000000 1
11101000001 1
11101000010 1
11101000011 1
11101000100 1
11101000101 1
11101000110 1
11101000111 1
11101001000 1
11101001001 1
11101001010 1
11101001011 1
11101001100 1
11101001101 1
11101001110 1
11101001111 1
11101010000 1
11101010001 1
11101010010 1
11101010011 1
11101010100 1
11101010101 1
11101010110 1
11101010111 1
11101011000 1
11101011001 1
11101011010 1
11101011011 1
11101011100 1
11101011101 1
11101011110 1
11101011111 1
11101100000 1
11101100001 1
11101100010 1
11101100011 1
11101100100 1
11101100101 1
11101100110 1
11101100111 1
11101101000 1
11101101001 1
11101101010 1
11101101011 1
11101101100 1
11101101101 1
11101101110 1
11101101111 1
11101110000 1
11101110001 1
11101110010 1
11101110011 1
11101110100 1
11101110101 1
11101110110 1
11101110111 1
11101111000 1
11101111001 1
11101111010 1
11101111011 1
11101111100 1
11101111101 1
11101111110 1
11101111111 1
11110000000 1
11110000001 1
11110000010 1
11110000011 1
11110000100 1
11110000101 1
11110000110 1
11110000111 1
11110001000 1
11110001001 1
11110001010 1
11110001011 1
11110001100 1
11110001101 1
11110001110 1
11110001111 1
11110010000 1
11110010001 1
11110010010 1
11110010011 1
11110010100 1
11110010101 1
11110010110 1
11110010111 1
11110011000 1
11110011001 1
11110011010 1
11110011011 1
11110011100 1
11110011101 1
11110011110 1
11110011111 1
11110100000 1
11110100001 1
11110100010 1
11110100011 1
11110100100 1
11110100101 1
11110100110 1
11110100111 1
11110101000 1
11110101001 1
11110101010 1
11110101011 1
11110101100 1
11110101101 1
11110101110 1
11110101111 1
11110110000 1
11110110001 1
11110110010 1
11110110011 1
11110110100 1
11110110101 1
11110110110 1
11110110111 1
11110111000 1
11110111001 1
11110111010 1
11110111011 1
11110111100 1
11110111101 1
11110111110 1
11110111111 1
11111000000 1
11111000001 1
11111000010 1
11111000011 1
11111000100 1
11111000101 1
11111000110 1
11111000111 1
11111001000 1
11111001001 1
11111001010 1
11111001011 1
11111001100 1
11111001101 1
11111001110 1
11111001111 1
11111010000 1
11111010001 1
11111010010 1
11111010011 1
11111010100 1
11111010101 1
11111010110 1
11111010111 1
11111011000 1
11111011001 1
11111011010 1
11111011011 1
11111011100 1
11111011101 1
11111011110 1
11111011111 1
11111100000 1
11111100001 1
11111100010 1
11111100011 1
11111100100 1
11111100101 1
11111100110 1
11111100111 1
11111101000 1
11111101001 1
11111101010 1
11111101011 1
11111101100 1
11111101101 1
11111101110 1
11111101111 1
11111110000 1
11111110001 1
11111110010 1
11111110011 1
11111110100 1
11111110101 1
11111110110 1
11111110111 1
11111111000 1
11111111001 1
11111111010 1
11111111011 1
11111111100 1
11111111101 1
11111111110 1
11111111111 1
.names 139 57 92 104 111 53
00000 1
00001 0
00010 0
00011 0
00100 0
00101 0
00110 0
00111 0
01000 0
01001 0
01010 0
01011 0
01100 0
01101 0
01110 0
01111 0
10000 0
10001 0
10010 0
10011 0
10100 0
10101 0
10110 0
10111 0
11000 0
11001 0
11010 0
11011 0
11100 0
11101 0
11110 0
11111 0
.names 128 83 77
00 1
01 0
10 0
11 0
.names 53 88
0 1
1 0
.names 100 45 101
00 0
01 1
10 1
11 1
.names 84 26 88 108
000 0
001 1
010 1
011 1
100 1
101 1
110 1
111 1
.names 25 143 137 24 109
0000 1
0001 0
0010 0
0011 0
0100 0
0101 0
0110 0
0111 0
1000 0
1001 0
1010 0
1011 0
1100 0
1101 0
1110 0
1111 0
.names 141 25 43 57 88 113
00000 0
00001 0
00010 0
00011 0
00100 0
00101 0
00110 0
00111 0
01000 0
01001 0
01010 0
01011 0
01100 0
01101 0
01110 0
01111 0
10000 0
10001 0
10010 0
10011 0
10100 0
10101 0
10110 0
10111 0
11000 0
11001 0
11010 0
11011 0
11100 0
11101 0
11110 0
11111 1
.names 6 102 113 117
000 1
001 0
010 0
011 1
100 0
101 1
110 1
111 1
.names 122 109 124
00 0
01 1
10 1
11 0
.names 77 129
0 1
1 0
.names 17 14 117 16
000 0
001 1
010 1
011 1
100 1
101 1
110 1
111 1
.names 127 28 139 63 53 20
00000 1
00001 1
00010 1
00011 1
00100 1
00101 1
00110 1
00111 1
01000 1
01001 1
01010 1
01011 1
01100 1
01101 1
01110 1
01111 1
10000 1
10001 1
10010 1
10011 1
10100 1
10101 1
10110 1
10111 1
11000 1
11001 1
11010 1
11011 1
11100 1
11101 1
11110 1
11111 0
.names 131 39 47 40
000 1
001 1
010 1
011 1
100 1
101 1
110 1
111 0
.names 101 55
0 1
1 0
.names 38 60 117 61
000 1
001 0
010 0
011 0
100 0
101 0
110 0
111 0
.names 65 28 73 95 109 68
00000 0
00001 1
00010 1
00011 1
00100 1
00101 1
00110 1
00111 1
01000 1
01001 1
01010 1
01011 1
01100 1
01101 1
01110 1
01111 1
10000 1
10001 1
10010 1
10011 1
10100 1
10101 1
10110 1
10111 1
11000 1
11001 1
11010 1
11011 1
11100 1
11101 1
11110 1
11111 1
.names 84 83 40 80
000 0
001 1
010 1
011 1
100 1
101 1
110 1
111 1
.names 133 106 22 119 146 117 107
000000 1
000001 1
000010 1
000011 1
000100 1
000101 1
000110 1
000111 1
001000 1
001001 1
001010 1
001011 1
001100 1
001101 1
001110 1
001111 1
010000 1
010001 1
010010 1
010011 1
010100 1
010101 1
010110 1
010111 1
011000 1
011001 1
011010 1
011011 1
011100 1
011101 1
011110 1
011111 1
100000 1
100001 1
100010 1
100011 1
100100 1
100101 1
100110 1
100111 1
101000 1
101001 1
101010 1
101011 1
101100 1
101101 1
101110 1
101111 1
110000 1
110001 1
110010 1
110011 1
110100 1
110101 1
110110 1
110111 1
111000 1
111001 1
111010 1
111011 1
111100 1
111101 1
111110 1
111111 0
.names 40 125
0 1
1 0
.names 16 5
0 1
1 0
.names 72 5 52
00 1
01 0
10 0
11 1
.names 73 80 74
00 1
01 0
10 0
11 0
.names 91 112 117 125 114
0000 0
0001 1
0010 1
0011 0
0100 1
0101 0
0110 0
0111 0
1000 1
1001 0
1010 0
1011 0
1100 0
1101 0
1110 0
1111 0
.names 5 3
0 1
1 0
.names 21 2 3 9
000 0
001 0
010 0
011 0
100 0
101 0
110 0
111 1
.names 125 9 10
00 0
01 0
10 0
11 1
.names 9 85
0 1
1 0
.names 49 80 85 81
000 1
001 0
010 0
011 0
100 0
101 0
110 0
111 0
.end