.model Graphe(4996)
.input 11 15 19 26 28 29 34 35 36 43 45 47 85 100 109 118 129 131
.output 131 75 71 91 22 74 94 20 53 99 32 117 41 42 90 128 7
.names 45 100 3
00 0
01 1
10 1
11 1
.names 85 16
0 1
1 0
.names 19 21
0 1
1 0
.names 29 59
0 1
1 0
.names 59 75
0 1
1 0
.names 28 78
0 1
1 0
.names 47 93
0 1
1 0
.names 59 113
0 1
1 0
.names 16 123
0 1
1 0
.names 21 17
0 1
1 0
.names 59 46
0 1
1 0
.names 17 61
0 1
1 0
.names 78 123 73
00 0
01 1
10 1
11 1
.names 46 84
0 1
1 0
.names 113 92
0 1
1 0
.names 109 123 96
00 0
01 0
10 0
11 1
.names 84 0
0 1
1 0
.names 85 0 12
00 0
01 1
10 1
11 1
.names 21 12 24
00 1
01 1
10 1
11 0
.names 61 56
0 1
1 0
.names 84 80
0 1
1 0
.names 84 56 87
00 1
01 1
10 1
11 0
.names 80 122
0 1
1 0
.names 113 122 9
00 0
01 1
10 1
11 0
.names 56 87 33
00 0
01 1
10 1
11 1
.names 73 80 55
00 0
01 1
10 1
11 0
.names 28 43 55 108
000 1
001 0
010 0
011 0
100 0
101 0
110 0
111 0
.names 3 9 2
00 1
01 0
10 0
11 1
.names 109 108 37
00 0
01 1
10 1
11 1
.names 92 37 79
00 1
01 0
10 0
11 1
.names 100 79 104
00 1
01 0
10 0
11 1
.names 109 16 37 79 10
0000 1
0001 0
0010 0
0011 1
0100 0
0101 1
0110 1
0111 1
1000 0
1001 1
1010 1
1011 1
1100 1
1101 1
1110 1
1111 1
.names 93 92 37 25
000 1
001 0
010 0
011 0
100 0
101 0
110 0
111 0
.names 25 48
0 1
1 0
.names 48 51
0 1
1 0
.names 118 2 10 54
000 0
001 1
010 1
011 1
100 1
101 1
110 1
111 1
.names 19 113 48 125
000 0
001 0
010 0
011 0
100 0
101 0
110 0
111 1
.names 54 5
0 1
1 0
.names 108 125 5 27
000 0
001 1
010 1
011 0
100 1
101 0
110 0
111 0
.names 47 118 24 27 30
0000 1
0001 1
0010 1
0011 1
0100 1
0101 1
0110 1
0111 1
1000 1
1001 1
1010 1
1011 1
1100 1
1101 1
1110 1
1111 0
.names 47 30 40
00 1
01 0
10 0
11 0
.names 11 19 30 86
000 0
001 1
010 1
011 1
100 1
101 1
110 1
111 1
.names 35 45 78 80 40 38
00000 0
00001 0
00010 0
00011 0
00100 0
00101 0
00110 0
00111 0
01000 0
01001 0
01010 0
01011 0
01100 0
01101 0
01110 0
01111 0
10000 0
10001 0
10010 0
10011 0
10100 0
10101 0
10110 0
10111 0
11000 0
11001 0
11010 0
11011 0
11100 0
11101 0
11110 0
11111 1
.names 84 38 111
00 1
01 0
10 0
11 1
.names 9 2 111 8
000 0
001 1
010 1
011 0
100 1
101 0
110 0
111 0
.names 96 56 8 62
000 1
001 0
010 0
011 0
100 0
101 0
110 0
111 0
.names 62 65
0 1
1 0
.names 19 113 104 65 69
0000 1
0001 0
0010 0
0011 1
0100 0
0101 1
0110 1
0111 1
1000 0
1001 1
1010 1
1011 1
1100 1
1101 1
1110 1
1111 1
.names 65 70
0 1
1 0
.names 8 121
0 1
1 0
.names 108 121 130
00 1
01 1
10 1
11 0
.names 5 130 4
00 1
01 0
10 0
11 0
.names 4 13
0 1
1 0
.names 92 86 70 67
000 1
001 1
010 1
011 1
100 1
101 1
110 1
111 0
.names 130 106
0 1
1 0
.names 4 119
0 1
1 0
.names 73 4 1
00 0
01 1
10 1
11 0
.names 92 70 67 31
000 1
001 1
010 1
011 1
100 1
101 1
110 1
111 0
.names 35 40 31 39
000 0
001 1
010 1
011 1
100 1
101 1
110 1
111 1
.names 43 21 84 96 108 106 101
000000 1
000001 0
000010 0
000011 0
000100 0
000101 0
000110 0
000111 0
001000 0
001001 0
001010 0
001011 0
001100 0
001101 0
001110 0
001111 0
010000 0
010001 0
010010 0
010011 0
010100 0
010101 0
010110 0
010111 0
011000 0
011001 0
011010 0
011011 0
011100 0
011101 0
011110 0
011111 0
100000 0
100001 0
100010 0
100011 0
100100 0
100101 0
100110 0
100111 0
101000 0
101001 0
101010 0
101011 0
101100 0
101101 0
101110 0
101111 0
110000 0
110001 0
110010 0
110011 0
110100 0
110101 0
110110 0
110111 0
111000 0
111001 0
111010 0
111011 0
111100 0
111101 0
111110 0
111111 0
.names 30 119 107
00 1
01 0
10 0
11 0
.names 29 101 98
00 0
01 0
10 0
11 1
.names 36 84 12 104 13 98 97
000000 1
000001 1
000010 1
000011 1
000100 1
000101 1
000110 1
000111 1
001000 1
001001 1
001010 1
001011 1
001100 1
001101 1
001110 1
001111 1
010000 1
010001 1
010010 1
010011 1
010100 1
010101 1
010110 1
010111 1
011000 1
011001 1
011010 1
011011 1
011100 1
011101 1
011110 1
011111 1
100000 1
100001 1
100010 1
100011 1
100100 1
100101 1
100110 1
100111 1
101000 1
101001 1
101010 1
101011 1
101100 1
101101 1
101110 1
101111 1
110000 1
110001 1
110010 1
110011 1
110100 1
110101 1
110110 1
110111 1
111000 1
111001 1
111010 1
111011 1
111100 1
111101 1
111110 1
111111 0
.names 123 33 69 97 63
0000 1
0001 1
0010 1
0011 1
0100 1
0101 1
0110 1
0111 1
1000 1
1001 1
1010 1
1011 1
1100 1
1101 1
1110 1
1111 0
.names 16 96 69 63 71
0000 0
0001 1
0010 1
0011 0
0100 1
0101 0
0110 0
0111 0
1000 1
1001 0
1010 0
1011 0
1100 0
1101 0
1110 0
1111 0
.names 47 97 83
00 0
01 1
10 1
11 1
.names 97 88
0 1
1 0
.names 85 17 88 91
000 1
001 0
010 0
011 0
100 0
101 0
110 0
111 0
.names 62 1 63 127
000 0
001 0
010 0
011 0
100 0
101 0
110 0
111 1
.names 17 63 22
00 1
01 1
10 1
11 0
.names 59 78 122 88 76
0000 1
0001 0
0010 0
0011 1
0100 0
0101 1
0110 1
0111 1
1000 0
1001 1
1010 1
1011 1
1100 1
1101 1
1110 1
1111 1
.names 78 92 55 38 101 83 82
000000 1
000001 1
000010 1
000011 1
000100 1
000101 1
000110 1
000111 1
001000 1
001001 1
001010 1
001011 1
001100 1
001101 1
001110 1
001111 1
010000 1
010001 1
010010 1
010011 1
010100 1
010101 1
010110 1
010111 1
011000 1
011001 1
011010 1
011011 1
011100 1
011101 1
011110 1
011111 1
100000 1
100001 1
100010 1
100011 1
100100 1
100101 1
100110 1
100111 1
101000 1
101001 1
101010 1
101011 1
101100 1
101101 1
101110 1
101111 1
110000 1
110001 1
110010 1
110011 1
110100 1
110101 1
110110 1
110111 1
111000 1
111001 1
111010 1
111011 1
111100 1
111101 1
111110 1
111111 0
.names 92 111 31 127 115
0000 0
0001 0
0010 0
0011 0
0100 0
0101 0
0110 0
0111 0
1000 0
1001 0
1010 0
1011 0
1100 0
1101 0
1110 0
1111 1
.names 16 121 130 63 82 126
00000 1
00001 0
00010 0
00011 1
00100 0
00101 1
00110 1
00111 1
01000 0
01001 1
01010 1
01011 1
01100 1
01101 1
01110 1
01111 1
10000 0
10001 1
10010 1
10011 1
10100 1
10101 1
10110 1
10111 1
11000 1
11001 1
11010 1
11011 1
11100 1
11101 1
11110 1
11111 1
.names 24 40 76 72
000 0
001 0
010 0
011 0
100 0
101 0
110 0
111 1
.names 72 74
0 1
1 0
.names 72 114
0 1
1 0
.names 28 33 114 89
000 1
001 1
010 1
011 1
100 1
101 1
110 1
111 0
.names 82 89 94
00 0
01 1
10 1
11 0
.names 100 121 89 44
000 1
001 1
010 1
011 1
100 1
101 1
110 1
111 0
.names 35 12 37 51 107 126 44 49
0000000 0
0000001 1
0000010 1
0000011 1
0000100 1
0000101 1
0000110 1
0000111 1
0001000 1
0001001 1
0001010 1
0001011 1
0001100 1
0001101 1
0001110 1
0001111 1
0010000 1
0010001 1
0010010 1
0010011 1
0010100 1
0010101 1
0010110 1
0010111 1
0011000 1
0011001 1
0011010 1
0011011 1
0011100 1
0011101 1
0011110 1
0011111 1
0100000 1
0100001 1
0100010 1
0100011 1
0100100 1
0100101 1
0100110 1
0100111 1
0101000 1
0101001 1
0101010 1
0101011 1
0101100 1
0101101 1
0101110 1
0101111 1
0110000 1
0110001 1
0110010 1
0110011 1
0110100 1
0110101 1
0110110 1
0110111 1
0111000 1
0111001 1
0111010 1
0111011 1
0111100 1
0111101 1
0111110 1
0111111 1
1000000 1
1000001 1
1000010 1
1000011 1
1000100 1
1000101 1
1000110 1
1000111 1
1001000 1
1001001 1
1001010 1
1001011 1
1001100 1
1001101 1
1001110 1
1001111 1
1010000 1
1010001 1
1010010 1
1010011 1
1010100 1
1010101 1
1010110 1
1010111 1
1011000 1
1011001 1
1011010 1
1011011 1
1011100 1
1011101 1
1011110 1
1011111 1
1100000 1
1100001 1
1100010 1
1100011 1
1100100 1
1100101 1
1100110 1
1100111 1
1101000 1
1101001 1
1101010 1
1101011 1
1101100 1
1101101 1
1101110 1
1101111 1
1110000 1
1110001 1
1110010 1
1110011 1
1110100 1
1110101 1
1110110 1
1110111 1
1111000 1
1111001 1
1111010 1
1111011 1
1111100 1
1111101 1
1111110 1
1111111 1
.names 19 113 0 49 110
0000 0
0001 0
0010 0
0011 0
0100 0
0101 0
0110 0
0111 0
1000 0
1001 0
1010 0
1011 0
1100 0
1101 0
1110 0
1111 1
.names 104 111 110 116
000 1
001 0
010 0
011 1
100 0
101 1
110 1
111 1
.names 29 45 61 49 6
0000 0
0001 1
0010 1
0011 0
0100 1
0101 0
0110 0
0111 0
1000 1
1001 0
1010 0
1011 0
1100 0
1101 0
1110 0
1111 0
.names 19 16 27 30 44 18
00000 1
00001 1
00010 1
00011 1
00100 1
00101 1
00110 1
00111 1
01000 1
01001 1
01010 1
01011 1
01100 1
01101 1
01110 1
01111 1
10000 1
10001 1
10010 1
10011 1
10100 1
10101 1
10110 1
10111 1
11000 1
11001 1
11010 1
11011 1
11100 1
11101 1
11110 1
11111 0
.names 25 18 20
00 0
01 0
10 0
11 1
.names 108 104 107 6 102
0000 1
0001 1
0010 1
0011 1
0100 1
0101 1
0110 1
0111 1
1000 1
1001 1
1010 1
1011 1
1100 1
1101 1
1110 1
1111 0
.names 96 104 101 102 103
0000 1
0001 0
0010 0
0011 0
0100 0
0101 0
0110 0
0111 0
1000 0
1001 0
1010 0
1011 0
1100 0
1101 0
1110 0
1111 0
.names 39 63 102 23
000 1
001 1
010 1
011 1
100 1
101 1
110 1
111 0
.names 123 2 54 103 53
0000 1
0001 0
0010 0
0011 0
0100 0
0101 0
0110 0
0111 0
1000 0
1001 0
1010 0
1011 0
1100 0
1101 0
1110 0
1111 0
.names 46 104 27 30 23 66
00000 0
00001 1
00010 1
00011 0
00100 1
00101 0
00110 0
00111 0
01000 1
01001 0
01010 0
01011 0
01100 0
01101 0
01110 0
01111 0
10000 1
10001 0
10010 0
10011 0
10100 0
10101 0
10110 0
10111 0
11000 0
11001 0
11010 0
11011 0
11100 0
11101 0
11110 0
11111 0
.names 37 97 66 68
000 0
001 0
010 0
011 0
100 0
101 0
110 0
111 1
.names 73 79 65 126 68 77
00000 1
00001 1
00010 1
00011 1
00100 1
00101 1
00110 1
00111 1
01000 1
01001 1
01010 1
01011 1
01100 1
01101 1
01110 1
01111 1
10000 1
10001 1
10010 1
10011 1
10100 1
10101 1
10110 1
10111 1
11000 1
11001 1
11010 1
11011 1
11100 1
11101 1
11110 1
11111 0
.names 13 76 72 6 23 81
00000 0
00001 1
00010 1
00011 1
00100 1
00101 1
00110 1
00111 1
01000 1
01001 1
01010 1
01011 1
01100 1
01101 1
01110 1
01111 1
10000 1
10001 1
10010 1
10011 1
10100 1
10101 1
10110 1
10111 1
11000 1
11001 1
11010 1
11011 1
11100 1
11101 1
11110 1
11111 1
.names 3 113 122 39 107 115 23 95
0000000 1
0000001 1
0000010 1
0000011 1
0000100 1
0000101 1
0000110 1
0000111 1
0001000 1
0001001 1
0001010 1
0001011 1
0001100 1
0001101 1
0001110 1
0001111 1
0010000 1
0010001 1
0010010 1
0010011 1
0010100 1
0010101 1
0010110 1
0010111 1
0011000 1
0011001 1
0011010 1
0011011 1
0011100 1
0011101 1
0011110 1
0011111 1
0100000 1
0100001 1
0100010 1
0100011 1
0100100 1
0100101 1
0100110 1
0100111 1
0101000 1
0101001 1
0101010 1
0101011 1
0101100 1
0101101 1
0101110 1
0101111 1
0110000 1
0110001 1
0110010 1
0110011 1
0110100 1
0110101 1
0110110 1
0110111 1
0111000 1
0111001 1
0111010 1
0111011 1
0111100 1
0111101 1
0111110 1
0111111 1
1000000 1
1000001 1
1000010 1
1000011 1
1000100 1
1000101 1
1000110 1
1000111 1
1001000 1
1001001 1
1001010 1
1001011 1
1001100 1
1001101 1
1001110 1
1001111 1
1010000 1
1010001 1
1010010 1
1010011 1
1010100 1
1010101 1
1010110 1
1010111 1
1011000 1
1011001 1
1011010 1
1011011 1
1011100 1
1011101 1
1011110 1
1011111 1
1100000 1
1100001 1
1100010 1
1100011 1
1100100 1
1100101 1
1100110 1
1100111 1
1101000 1
1101001 1
1101010 1
1101011 1
1101100 1
1101101 1
1101110 1
1101111 1
1110000 1
1110001 1
1110010 1
1110011 1
1110100 1
1110101 1
1110110 1
1110111 1
1111000 1
1111001 1
1111010 1
1111011 1
1111100 1
1111101 1
1111110 1
1111111 0
.names 103 99
0 1
1 0
.names 15 95 105
00 0
01 1
10 1
11 1
.names 129 92 126 89 23 120
00000 0
00001 0
00010 0
00011 0
00100 0
00101 0
00110 0
00111 0
01000 0
01001 0
01010 0
01011 0
01100 0
01101 0
01110 0
01111 0
10000 0
10001 0
10010 0
10011 0
10100 0
10101 0
10110 0
10111 0
11000 0
11001 0
11010 0
11011 0
11100 0
11101 0
11110 0
11111 1
.names 16 110 105 14
000 1
001 1
010 1
011 1
100 1
101 1
110 1
111 0
.names 33 66 32
00 0
01 1
10 1
11 1
.names 68 81 50
00 1
01 0
10 0
11 1
.names 108 23 77 50 60
0000 0
0001 1
0010 1
0011 1
0100 1
0101 1
0110 1
0111 1
1000 1
1001 1
1010 1
1011 1
1100 1
1101 1
1110 1
1111 1
.names 25 69 14 64
000 0
001 1
010 1
011 0
100 1
101 0
110 0
111 0
.names 37 111 63 23 120 112
00000 1
00001 0
00010 0
00011 1
00100 0
00101 1
00110 1
00111 1
01000 0
01001 1
01010 1
01011 1
01100 1
01101 1
01110 1
01111 1
10000 0
10001 1
10010 1
10011 1
10100 1
10101 1
10110 1
10111 1
11000 1
11001 1
11010 1
11011 1
11100 1
11101 1
11110 1
11111 1
.names 108 98 60 117
000 1
001 0
010 0
011 1
100 0
101 1
110 1
111 1
.names 11 118 129 5 8 126 116 120 112 124
000000000 1
000000001 1
000000010 1
000000011 1
000000100 1
000000101 1
000000110 1
000000111 1
000001000 1
000001001 1
000001010 1
000001011 1
000001100 1
000001101 1
000001110 1
000001111 1
000010000 1
000010001 1
000010010 1
000010011 1
000010100 1
000010101 1
000010110 1
000010111 1
000011000 1
000011001 1
000011010 1
000011011 1
000011100 1
000011101 1
000011110 1
000011111 1
000100000 1
000100001 1
000100010 1
000100011 1
000100100 1
000100101 1
000100110 1
000100111 1
000101000 1
000101001 1
000101010 1
000101011 1
000101100 1
000101101 1
000101110 1
000101111 1
000110000 1
000110001 1
000110010 1
000110011 1
000110100 1
000110101 1
000110110 1
000110111 1
000111000 1
000111001 1
000111010 1
000111011 1
000111100 1
000111101 1
000111110 1
000111111 1
001000000 1
001000001 1
001000010 1
001000011 1
001000100 1
001000101 1
001000110 1
001000111 1
001001000 1
001001001 1
001001010 1
001001011 1
001001100 1
001001101 1
001001110 1
001001111 1
001010000 1
001010001 1
001010010 1
001010011 1
001010100 1
001010101 1
001010110 1
001010111 1
001011000 1
001011001 1
001011010 1
001011011 1
001011100 1
001011101 1
001011110 1
001011111 1
001100000 1
001100001 1
001100010 1
001100011 1
001100100 1
001100101 1
001100110 1
001100111 1
001101000 1
001101001 1
001101010 1
001101011 1
001101100 1
001101101 1
001101110 1
001101111 1
001110000 1
001110001 1
001110010 1
001110011 1
001110100 1
001110101 1
001110110 1
001110111 1
001111000 1
001111001 1
001111010 1
001111011 1
001111100 1
001111101 1
001111110 1
001111111 1
010000000 1
010000001 1
010000010 1
010000011 1
010000100 1
010000101 1
010000110 1
010000111 1
010001000 1
010001001 1
010001010 1
010001011 1
010001100 1
010001101 1
010001110 1
010001111 1
010010000 1
010010001 1
010010010 1
010010011 1
010010100 1
010010101 1
010010110 1
010010111 1
010011000 1
010011001 1
010011010 1
010011011 1
010011100 1
010011101 1
010011110 1
010011111 1
010100000 1
010100001 1
010100010 1
010100011 1
010100100 1
010100101 1
010100110 1
010100111 1
010101000 1
010101001 1
010101010 1
010101011 1
010101100 1
010101101 1
010101110 1
010101111 1
010110000 1
010110001 1
010110010 1
010110011 1
010110100 1
010110101 1
010110110 1
010110111 1
010111000 1
010111001 1
010111010 1
010111011 1
010111100 1
010111101 1
010111110 1
010111111 1
011000000 1
011000001 1
011000010 1
011000011 1
011000100 1
011000101 1
011000110 1
011000111 1
011001000 1
011001001 1
011001010 1
011001011 1
011001100 1
011001101 1
011001110 1
011001111 1
011010000 1
011010001 1
011010010 1
011010011 1
011010100 1
011010101 1
011010110 1
011010111 1
011011000 1
011011001 1
011011010 1
011011011 1
011011100 1
011011101 1
011011110 1
011011111 1
011100000 1
011100001 1
011100010 1
011100011 1
011100100 1
011100101 1
011100110 1
011100111 1
011101000 1
011101001 1
011101010 1
011101011 1
011101100 1
011101101 1
011101110 1
011101111 1
011110000 1
011110001 1
011110010 1
011110011 1
011110100 1
011110101 1
011110110 1
011110111 1
011111000 1
011111001 1
011111010 1
011111011 1
011111100 1
011111101 1
011111110 1
011111111 1
100000000 1
100000001 1
100000010 1
100000011 1
100000100 1
100000101 1
100000110 1
100000111 1
100001000 1
100001001 1
100001010 1
100001011 1
100001100 1
100001101 1
100001110 1
100001111 1
100010000 1
100010001 1
100010010 1
100010011 1
100010100 1
100010101 1
100010110 1
100010111 1
100011000 1
100011001 1
100011010 1
100011011 1
100011100 1
100011101 1
100011110 1
100011111 1
100100000 1
100100001 1
100100010 1
100100011 1
100100100 1
100100101 1
100100110 1
100100111 1
100101000 1
100101001 1
100101010 1
100101011 1
100101100 1
100101101 1
100101110 1
100101111 1
100110000 1
100110001 1
100110010 1
100110011 1
100110100 1
100110101 1
100110110 1
100110111 1
100111000 1
100111001 1
100111010 1
100111011 1
100111100 1
100111101 1
100111110 1
100111111 1
101000000 1
101000001 1
101000010 1
101000011 1
101000100 1
101000101 1
101000110 1
101000111 1
101001000 1
101001001 1
101001010 1
101001011 1
101001100 1
101001101 1
101001110 1
101001111 1
101010000 1
101010001 1
101010010 1
101010011 1
101010100 1
101010101 1
101010110 1
101010111 1
101011000 1
101011001 1
101011010 1
101011011 1
101011100 1
101011101 1
101011110 1
101011111 1
101100000 1
101100001 1
101100010 1
101100011 1
101100100 1
101100101 1
101100110 1
101100111 1
101101000 1
101101001 1
101101010 1
101101011 1
101101100 1
101101101 1
101101110 1
101101111 1
101110000 1
101110001 1
101110010 1
101110011 1
101110100 1
101110101 1
101110110 1
101110111 1
101111000 1
101111001 1
101111010 1
101111011 1
101111100 1
101111101 1
101111110 1
101111111 1
110000000 1
110000001 1
110000010 1
110000011 1
110000100 1
110000101 1
110000110 1
110000111 1
110001000 1
110001001 1
110001010 1
110001011 1
110001100 1
110001101 1
110001110 1
110001111 1
110010000 1
110010001 1
110010010 1
110010011 1
110010100 1
110010101 1
110010110 1
110010111 1
110011000 1
110011001 1
110011010 1
110011011 1
110011100 1
110011101 1
110011110 1
110011111 1
110100000 1
110100001 1
110100010 1
110100011 1
110100100 1
110100101 1
110100110 1
110100111 1
110101000 1
110101001 1
110101010 1
110101011 1
110101100 1
110101101 1
110101110 1
110101111 1
110110000 1
110110001 1
110110010 1
110110011 1
110110100 1
110110101 1
110110110 1
110110111 1
110111000 1
110111001 1
110111010 1
110111011 1
110111100 1
110111101 1
110111110 1
110111111 1
111000000 1
111000001 1
111000010 1
111000011 1
111000100 1
111000101 1
111000110 1
111000111 1
111001000 1
111001001 1
111001010 1
111001011 1
111001100 1
111001101 1
111001110 1
111001111 1
111010000 1
111010001 1
111010010 1
111010011 1
111010100 1
111010101 1
111010110 1
111010111 1
111011000 1
111011001 1
111011010 1
111011011 1
111011100 1
111011101 1
111011110 1
111011111 1
111100000 1
111100001 1
111100010 1
111100011 1
111100100 1
111100101 1
111100110 1
111100111 1
111101000 1
111101001 1
111101010 1
111101011 1
111101100 1
111101101 1
111101110 1
111101111 1
111110000 1
111110001 1
111110010 1
111110011 1
111110100 1
111110101 1
111110110 1
111110111 1
111111000 1
111111001 1
111111010 1
111111011 1
111111100 1
111111101 1
111111110 1
111111111 0
.names 129 124 41
00 1
01 0
10 0
11 0
.names 103 50 42
00 1
01 0
10 0
11 1
.names 26 60 52
00 1
01 1
10 1
11 0
.names 19 100 93 130 60 58
00000 0
00001 0
00010 0
00011 0
00100 0
00101 0
00110 0
00111 0
01000 0
01001 0
01010 0
01011 0
01100 0
01101 0
01110 0
01111 0
10000 0
10001 0
10010 0
10011 0
10100 0
10101 0
10110 0
10111 0
11000 0
11001 0
11010 0
11011 0
11100 0
11101 0
11110 0
11111 1
.names 109 16 17 104 121 119 110 64 112 90
000000000 1
000000001 1
000000010 1
000000011 1
000000100 1
000000101 1
000000110 1
000000111 1
000001000 1
000001001 1
000001010 1
000001011 1
000001100 1
000001101 1
000001110 1
000001111 1
000010000 1
000010001 1
000010010 1
000010011 1
000010100 1
000010101 1
000010110 1
000010111 1
000011000 1
000011001 1
000011010 1
000011011 1
000011100 1
000011101 1
000011110 1
000011111 1
000100000 1
000100001 1
000100010 1
000100011 1
000100100 1
000100101 1
000100110 1
000100111 1
000101000 1
000101001 1
000101010 1
000101011 1
000101100 1
000101101 1
000101110 1
000101111 1
000110000 1
000110001 1
000110010 1
000110011 1
000110100 1
000110101 1
000110110 1
000110111 1
000111000 1
000111001 1
000111010 1
000111011 1
000111100 1
000111101 1
000111110 1
000111111 1
001000000 1
001000001 1
001000010 1
001000011 1
001000100 1
001000101 1
001000110 1
001000111 1
001001000 1
001001001 1
001001010 1
001001011 1
001001100 1
001001101 1
001001110 1
001001111 1
001010000 1
001010001 1
001010010 1
001010011 1
001010100 1
001010101 1
001010110 1
001010111 1
001011000 1
001011001 1
001011010 1
001011011 1
001011100 1
001011101 1
001011110 1
001011111 1
001100000 1
001100001 1
001100010 1
001100011 1
001100100 1
001100101 1
001100110 1
001100111 1
001101000 1
001101001 1
001101010 1
001101011 1
001101100 1
001101101 1
001101110 1
001101111 1
001110000 1
001110001 1
001110010 1
001110011 1
001110100 1
001110101 1
001110110 1
001110111 1
001111000 1
001111001 1
001111010 1
001111011 1
001111100 1
001111101 1
001111110 1
001111111 1
010000000 1
010000001 1
010000010 1
010000011 1
010000100 1
010000101 1
010000110 1
010000111 1
010001000 1
010001001 1
010001010 1
010001011 1
010001100 1
010001101 1
010001110 1
010001111 1
010010000 1
010010001 1
010010010 1
010010011 1
010010100 1
010010101 1
010010110 1
010010111 1
010011000 1
010011001 1
010011010 1
010011011 1
010011100 1
010011101 1
010011110 1
010011111 1
010100000 1
010100001 1
010100010 1
010100011 1
010100100 1
010100101 1
010100110 1
010100111 1
010101000 1
010101001 1
010101010 1
010101011 1
010101100 1
010101101 1
010101110 1
010101111 1
010110000 1
010110001 1
010110010 1
010110011 1
010110100 1
010110101 1
010110110 1
010110111 1
010111000 1
010111001 1
010111010 1
010111011 1
010111100 1
010111101 1
010111110 1
010111111 1
011000000 1
011000001 1
011000010 1
011000011 1
011000100 1
011000101 1
011000110 1
011000111 1
011001000 1
011001001 1
011001010 1
011001011 1
011001100 1
011001101 1
011001110 1
011001111 1
011010000 1
011010001 1
011010010 1
011010011 1
011010100 1
011010101 1
011010110 1
011010111 1
011011000 1
011011001 1
011011010 1
011011011 1
011011100 1
011011101 1
011011110 1
011011111 1
011100000 1
011100001 1
011100010 1
011100011 1
011100100 1
011100101 1
011100110 1
011100111 1
011101000 1
011101001 1
011101010 1
011101011 1
011101100 1
011101101 1
011101110 1
011101111 1
011110000 1
011110001 1
011110010 1
011110011 1
011110100 1
011110101 1
011110110 1
011110111 1
011111000 1
011111001 1
011111010 1
011111011 1
011111100 1
011111101 1
011111110 1
011111111 1
100000000 1
100000001 1
100000010 1
100000011 1
100000100 1
100000101 1
100000110 1
100000111 1
100001000 1
100001001 1
100001010 1
100001011 1
100001100 1
100001101 1
100001110 1
100001111 1
100010000 1
100010001 1
100010010 1
100010011 1
100010100 1
100010101 1
100010110 1
100010111 1
100011000 1
100011001 1
100011010 1
100011011 1
100011100 1
100011101 1
100011110 1
100011111 1
100100000 1
100100001 1
100100010 1
100100011 1
100100100 1
100100101 1
100100110 1
100100111 1
100101000 1
100101001 1
100101010 1
100101011 1
100101100 1
100101101 1
100101110 1
100101111 1
100110000 1
100110001 1
100110010 1
100110011 1
100110100 1
100110101 1
100110110 1
100110111 1
100111000 1
100111001 1
100111010 1
100111011 1
100111100 1
100111101 1
100111110 1
100111111 1
101000000 1
101000001 1
101000010 1
101000011 1
101000100 1
101000101 1
101000110 1
101000111 1
101001000 1
101001001 1
101001010 1
101001011 1
101001100 1
101001101 1
101001110 1
101001111 1
101010000 1
101010001 1
101010010 1
101010011 1
101010100 1
101010101 1
101010110 1
101010111 1
101011000 1
101011001 1
101011010 1
101011011 1
101011100 1
101011101 1
101011110 1
101011111 1
101100000 1
101100001 1
101100010 1
101100011 1
101100100 1
101100101 1
101100110 1
101100111 1
101101000 1
101101001 1
101101010 1
101101011 1
101101100 1
101101101 1
101101110 1
101101111 1
101110000 1
101110001 1
101110010 1
101110011 1
101110100 1
101110101 1
101110110 1
101110111 1
101111000 1
101111001 1
101111010 1
101111011 1
101111100 1
101111101 1
101111110 1
101111111 1
110000000 1
110000001 1
110000010 1
110000011 1
110000100 1
110000101 1
110000110 1
110000111 1
110001000 1
110001001 1
110001010 1
110001011 1
110001100 1
110001101 1
110001110 1
110001111 1
110010000 1
110010001 1
110010010 1
110010011 1
110010100 1
110010101 1
110010110 1
110010111 1
110011000 1
110011001 1
110011010 1
110011011 1
110011100 1
110011101 1
110011110 1
110011111 1
110100000 1
110100001 1
110100010 1
110100011 1
110100100 1
110100101 1
110100110 1
110100111 1
110101000 1
110101001 1
110101010 1
110101011 1
110101100 1
110101101 1
110101110 1
110101111 1
110110000 1
110110001 1
110110010 1
110110011 1
110110100 1
110110101 1
110110110 1
110110111 1
110111000 1
110111001 1
110111010 1
110111011 1
110111100 1
110111101 1
110111110 1
110111111 1
111000000 1
111000001 1
111000010 1
111000011 1
111000100 1
111000101 1
111000110 1
111000111 1
111001000 1
111001001 1
111001010 1
111001011 1
111001100 1
111001101 1
111001110 1
111001111 1
111010000 1
111010001 1
111010010 1
111010011 1
111010100 1
111010101 1
111010110 1
111010111 1
111011000 1
111011001 1
111011010 1
111011011 1
111011100 1
111011101 1
111011110 1
111011111 1
111100000 1
111100001 1
111100010 1
111100011 1
111100100 1
111100101 1
111100110 1
111100111 1
111101000 1
111101001 1
111101010 1
111101011 1
111101100 1
111101101 1
111101110 1
111101111 1
111110000 1
111110001 1
111110010 1
111110011 1
111110100 1
111110101 1
111110110 1
111110111 1
111111000 1
111111001 1
111111010 1
111111011 1
111111100 1
111111101 1
111111110 1
111111111 0
.names 43 129 123 49 52 128
00000 1
00001 0
00010 0
00011 1
00100 0
00101 1
00110 1
00111 1
01000 0
01001 1
01010 1
01011 1
01100 1
01101 1
01110 1
01111 1
10000 0
10001 1
10010 1
10011 1
10100 1
10101 1
10110 1
10111 1
11000 1
11001 1
11010 1
11011 1
11100 1
11101 1
11110 1
11111 1
.names 56 60 58 57
000 1
001 0
010 0
011 0
100 0
101 0
110 0
111 0
.names 34 21 123 80 54 5 4 60 57 7
000000000 0
000000001 0
000000010 0
000000011 0
000000100 0
000000101 0
000000110 0
000000111 0
000001000 0
000001001 0
000001010 0
000001011 0
000001100 0
000001101 0
000001110 0
000001111 0
000010000 0
000010001 0
000010010 0
000010011 0
000010100 0
000010101 0
000010110 0
000010111 0
000011000 0
000011001 0
000011010 0
000011011 0
000011100 0
000011101 0
000011110 0
000011111 0
000100000 0
000100001 0
000100010 0
000100011 0
000100100 0
000100101 0
000100110 0
000100111 0
000101000 0
000101001 0
000101010 0
000101011 0
000101100 0
000101101 0
000101110 0
000101111 0
000110000 0
000110001 0
000110010 0
000110011 0
000110100 0
000110101 0
000110110 0
000110111 0
000111000 0
000111001 0
000111010 0
000111011 0
000111100 0
000111101 0
000111110 0
000111111 0
001000000 0
001000001 0
001000010 0
001000011 0
001000100 0
001000101 0
001000110 0
001000111 0
001001000 0
001001001 0
001001010 0
001001011 0
001001100 0
001001101 0
001001110 0
001001111 0
001010000 0
001010001 0
001010010 0
001010011 0
001010100 0
001010101 0
001010110 0
001010111 0
001011000 0
001011001 0
001011010 0
001011011 0
001011100 0
001011101 0
001011110 0
001011111 0
001100000 0
001100001 0
001100010 0
001100011 0
001100100 0
001100101 0
001100110 0
001100111 0
001101000 0
001101001 0
001101010 0
001101011 0
001101100 0
001101101 0
001101110 0
001101111 0
001110000 0
001110001 0
001110010 0
001110011 0
001110100 0
001110101 0
001110110 0
001110111 0
001111000 0
001111001 0
001111010 0
001111011 0
001111100 0
001111101 0
001111110 0
001111111 0
010000000 0
010000001 0
010000010 0
010000011 0
010000100 0
010000101 0
010000110 0
010000111 0
010001000 0
010001001 0
010001010 0
010001011 0
010001100 0
010001101 0
010001110 0
010001111 0
010010000 0
010010001 0
010010010 0
010010011 0
010010100 0
010010101 0
010010110 0
010010111 0
010011000 0
010011001 0
010011010 0
010011011 0
010011100 0
010011101 0
010011110 0
010011111 0
010100000 0
010100001 0
010100010 0
010100011 0
010100100 0
010100101 0
010100110 0
010100111 0
010101000 0
010101001 0
010101010 0
010101011 0
010101100 0
010101101 0
010101110 0
010101111 0
010110000 0
010110001 0
010110010 0
010110011 0
010110100 0
010110101 0
010110110 0
010110111 0
010111000 0
010111001 0
010111010 0
010111011 0
010111100 0
010111101 0
010111110 0
010111111 0
011000000 0
011000001 0
011000010 0
011000011 0
011000100 0
011000101 0
011000110 0
011000111 0
011001000 0
011001001 0
011001010 0
011001011 0
011001100 0
011001101 0
011001110 0
011001111 0
011010000 0
011010001 0
011010010 0
011010011 0
011010100 0
011010101 0
011010110 0
011010111 0
011011000 0
011011001 0
011011010 0
011011011 0
011011100 0
011011101 0
011011110 0
011011111 0
011100000 0
011100001 0
011100010 0
011100011 0
011100100 0
011100101 0
011100110 0
011100111 0
011101000 0
011101001 0
011101010 0
011101011 0
011101100 0
011101101 0
011101110 0
011101111 0
011110000 0
011110001 0
011110010 0
011110011 0
011110100 0
011110101 0
011110110 0
011110111 0
011111000 0
011111001 0
011111010 0
011111011 0
011111100 0
011111101 0
011111110 0
011111111 0
100000000 0
100000001 0
100000010 0
100000011 0
100000100 0
100000101 0
100000110 0
100000111 0
100001000 0
100001001 0
100001010 0
100001011 0
100001100 0
100001101 0
100001110 0
100001111 0
100010000 0
100010001 0
100010010 0
100010011 0
100010100 0
100010101 0
100010110 0
100010111 0
100011000 0
100011001 0
100011010 0
100011011 0
100011100 0
100011101 0
100011110 0
100011111 0
100100000 0
100100001 0
100100010 0
100100011 0
100100100 0
100100101 0
100100110 0
100100111 0
100101000 0
100101001 0
100101010 0
100101011 0
100101100 0
100101101 0
100101110 0
100101111 0
100110000 0
100110001 0
100110010 0
100110011 0
100110100 0
100110101 0
100110110 0
100110111 0
100111000 0
100111001 0
100111010 0
100111011 0
100111100 0
100111101 0
100111110 0
100111111 0
101000000 0
101000001 0
101000010 0
101000011 0
101000100 0
101000101 0
101000110 0
101000111 0
101001000 0
101001001 0
101001010 0
101001011 0
101001100 0
101001101 0
101001110 0
101001111 0
101010000 0
101010001 0
101010010 0
101010011 0
101010100 0
101010101 0
101010110 0
101010111 0
101011000 0
101011001 0
101011010 0
101011011 0
101011100 0
101011101 0
101011110 0
101011111 0
101100000 0
101100001 0
101100010 0
101100011 0
101100100 0
101100101 0
101100110 0
101100111 0
101101000 0
101101001 0
101101010 0
101101011 0
101101100 0
101101101 0
101101110 0
101101111 0
101110000 0
101110001 0
101110010 0
101110011 0
101110100 0
101110101 0
101110110 0
101110111 0
101111000 0
101111001 0
101111010 0
101111011 0
101111100 0
101111101 0
101111110 0
101111111 0
110000000 0
110000001 0
110000010 0
110000011 0
110000100 0
110000101 0
110000110 0
110000111 0
110001000 0
110001001 0
110001010 0
110001011 0
110001100 0
110001101 0
110001110 0
110001111 0
110010000 0
110010001 0
110010010 0
110010011 0
110010100 0
110010101 0
110010110 0
110010111 0
110011000 0
110011001 0
110011010 0
110011011 0
110011100 0
110011101 0
110011110 0
110011111 0
110100000 0
110100001 0
110100010 0
110100011 0
110100100 0
110100101 0
110100110 0
110100111 0
110101000 0
110101001 0
110101010 0
110101011 0
110101100 0
110101101 0
110101110 0
110101111 0
110110000 0
110110001 0
110110010 0
110110011 0
110110100 0
110110101 0
110110110 0
110110111 0
110111000 0
110111001 0
110111010 0
110111011 0
110111100 0
110111101 0
110111110 0
110111111 0
111000000 0
111000001 0
111000010 0
111000011 0
111000100 0
111000101 0
111000110 0
111000111 0
111001000 0
111001001 0
111001010 0
111001011 0
111001100 0
111001101 0
111001110 0
111001111 0
111010000 0
111010001 0
111010010 0
111010011 0
111010100 0
111010101 0
111010110 0
111010111 0
111011000 0
111011001 0
111011010 0
111011011 0
111011100 0
111011101 0
111011110 0
111011111 0
111100000 0
111100001 0
111100010 0
111100011 0
111100100 0
111100101 0
111100110 0
111100111 0
111101000 0
111101001 0
111101010 0
111101011 0
111101100 0
111101101 0
111101110 0
111101111 0
111110000 0
111110001 0
111110010 0
111110011 0
111110100 0
111110101 0
111110110 0
111110111 0
111111000 0
111111001 0
111111010 0
111111011 0
111111100 0
111111101 0
111111110 0
111111111 1
.end